-0.442980005429,-0.895734722937,0.02679628552,0.473955026689,-0.890780942123,0.437917975867,-0.120665387026,0.0443797707694,0.096616392116,-0.0772455541435,-0.991294736888,0.322755924313,0.0,0.0,0.0,1.0
-0.442709804952,-0.889553401179,0.109037917648,0.46778690428,-0.894732485588,0.435113970162,-0.0913251991641,0.0421792566798,0.0344673223526,-0.138074142639,-0.989616741023,0.322630074623,0.0,0.0,0.0,1.0
-0.441104416731,-0.889985627285,0.108664632751,0.467772950463,-0.896848185212,0.440683203071,-0.0362549018581,0.0380236495623,-0.0155633966534,-0.112957844377,-0.992637315722,0.323855519265,0.0,0.0,0.0,1.0
-0.443263749874,-0.885521830965,0.137461710279,0.465571220733,-0.894932766181,0.429846372697,-0.117643550629,0.0441024639368,0.0454518179354,-0.175020971935,-0.982654428285,0.324105674475,0.0,0.0,0.0,1.0
-0.441497787728,-0.889818323352,0.11533886968,0.474394357136,-0.897117050467,0.440077239899,-0.0388975665721,0.0355628503394,-0.016146243952,-0.120645656161,-0.992564317541,0.30636871794,0.0,0.0,0.0,1.0,-1.01431347435,1.0
-0.441496564546,-0.88982011276,0.115329746474,0.474769816174,-0.897117530223,0.440077340622,-0.0388853601918,0.0354427448089,-0.0161530325324,-0.120632090254,-0.992565855921,0.304640165401,0.0,0.0,0.0,1.0,-1.06702526549,1.0
-0.441495348539,-0.88982195522,0.115320185688,0.475138464392,-0.897118016226,0.440077393954,-0.0388735423214,0.035324908075,-0.0161592753533,-0.120618304332,-0.992567429689,0.302923459262,0.0,0.0,0.0,1.0,-1.09040477285,1.0
-0.441494570974,-0.889823164995,0.115313827615,0.475375235428,-0.897118324165,0.440077459576,-0.0388656920829,0.0352496130522,-0.016163423172,-0.120609139835,-0.992568475794,0.30180086422,0.0,0.0,0.0,1.0,-1.30107338877,1.0
-0.441493355028,-0.889825006954,0.115304269072,0.47573276522,-0.897118810021,0.440077512802,-0.0388538728154,0.0351347581229,-0.0161696683006,-0.120595355326,-0.992570048964,0.300112506146,0.0,0.0,0.0,1.0,-1.1687838986,1.0
-0.441492214277,-0.889826809603,0.115294725132,0.476076158009,-0.897119257241,0.440077651421,-0.0388419748029,0.0350247408774,-0.0161760013398,-0.120581547637,-0.992571623285,0.298434813169,0.0,0.0,0.0,1.0,-0.989808814759,1.0
-0.441490562115,-0.889829298481,0.115281842143,0.476532058583,-0.897119926607,0.440077648881,-0.0388265404007,0.0348787737219,-0.0161839688417,-0.120563188909,-0.992573723525,0.29621555131,0.0,0.0,0.0,1.0,-1.21187589833,1.0
-0.441489800018,-0.889830519726,0.11527533407,0.476750795438,-0.897120231462,0.440077701147,-0.038818903326,0.0348092654646,-0.0161878590948,-0.120553984249,-0.99257477809,0.295120661316,0.0,0.0,0.0,1.0,-0.976048966351,1.0
-0.441488589965,-0.889832403382,0.115265427697,0.477078988484,-0.897120727445,0.440077676178,-0.0388077224009,0.0347052805406,-0.0161933726706,-0.120540170987,-0.992576365757,0.293486023554,0.0,0.0,0.0,1.0,-0.985701919787,1.0
-0.44148698633,-0.889834986641,0.115251626675,0.477488836346,-0.897121409217,0.440077489661,-0.0387940745199,0.0345749943276,-0.0161993217644,-0.120521780785,-0.992578501848,0.291369223615,0.0,0.0,0.0,1.0,-0.955932801606,1.0
-0.441486186933,-0.889836296015,0.115244579227,0.47768581381,-0.89712175488,0.440077360564,-0.0387875449103,0.0345120985085,-0.0162019649509,-0.120512584459,-0.992579575308,0.290336069763,0.0,0.0,0.0,1.0,-0.964648953754,1.0
-0.441485020636,-0.889838239106,0.11523404349,0.477976197334,-0.897122256551,0.440077202651,-0.0387777321135,0.0344198653557,-0.016205966649,-0.12049881299,-0.992581181926,0.288794221139,0.0,0.0,0.0,1.0,-0.707286308335,1.0
-0.441483821616,-0.889840202898,0.115223472253,0.478256217641,-0.897122774972,0.440077008752,-0.0387679377052,0.0343304151318,-0.0162099314534,-0.120485018463,-0.992582791735,0.287278241049,0.0,0.0,0.0,1.0,-0.711031582651,1.0
-0.441483022297,-0.889841512007,0.115216424748,0.478434033256,-0.897123120561,0.440076879415,-0.0387614081017,0.0342740779085,-0.0162125746678,-0.120475822107,-0.992583864825,0.286287686459,0.0,0.0,0.0,1.0,-1.00426793404,1.0
-0.441481501839,-0.889844080317,0.11520241429,0.478786993276,-0.897123771053,0.440076710475,-0.0387482684705,0.034161563184,-0.0162179821986,-0.120457468101,-0.992586004048,0.284333590366,0.0,0.0,0.0,1.0,-0.919407355178,1.0
-0.441480702585,-0.889845389226,0.11519536674,0.478958479655,-0.897124116583,0.440076580966,-0.0387417388632,0.0341076762354,-0.0162206254403,-0.120448271714,-0.992587076861,0.283370574147,0.0,0.0,0.0,1.0,-0.612887098821,1.0
-0.44147910411,-0.889848006856,0.115181271602,0.479287930133,-0.897124807602,0.440076321742,-0.0387286796419,0.0340027654014,-0.0162259119526,-0.120429878917,-0.992589222209,0.281479560182,0.0,0.0,0.0,1.0,-0.797304093627,1.0
-0.441477905311,-0.889849969902,0.115170700211,0.479527663037,-0.897125325816,0.440076127171,-0.0387188852367,0.0339267636493,-0.0162298768501,-0.120416084302,-0.992590830977,0.280074305329,0.0,0.0,0.0,1.0,-0.802180759688,1.0
-0.441476706547,-0.889851932804,0.115160128788,0.479755832559,-0.897125843992,0.440075932458,-0.0387090908281,0.0338542321791,-0.016233841768,-0.120402289665,-0.992592439536,0.278708177116,0.0,0.0,0.0,1.0,-0.85513885812,1.0
-0.441475444988,-0.889853935538,0.115149489273,0.479981402093,-0.897126393462,0.440075675303,-0.0386992785571,0.0337832063331,-0.0162377839262,-0.120388427242,-0.99259405648,0.277349936404,0.0,0.0,0.0,1.0,-0.495282921337,1.0
-0.441474648097,-0.889855242536,0.115142444038,0.480121995664,-0.897126737759,0.440075547474,-0.038692750148,0.0337385166492,-0.0162404275303,-0.120379233453,-0.992595128271,0.276472295654,0.0,0.0,0.0,1.0,-0.659019868487,1.0
-0.441473049908,-0.889857859174,0.115128348687,0.480405877446,-0.897127428505,0.440075287347,-0.0386796909321,0.0336484884945,-0.016245714164,-0.120360840531,-0.99259727223,0.274719987986,0.0,0.0,0.0,1.0,-0.665369852476,1.0
-0.441472250836,-0.889859167397,0.115121300989,0.480544955449,-0.897127773854,0.440075157186,-0.038673161323,0.0336041155481,-0.0162483574928,-0.120351644056,-0.992598344071,0.273851745463,0.0,0.0,0.0,1.0,-0.401445235725,1.0
-0.441470880972,-0.889861238585,0.115110543901,0.480747855847,-0.897128377238,0.440074792147,-0.0386633168716,0.0335413608315,-0.016252261642,-0.120337664013,-0.992599975122,0.272564348017,0.0,0.0,0.0,1.0,-0.417957092046,1.0
-0.441469679711,-0.889863202383,0.115099969334,0.480945310061,-0.897128897698,0.440074585439,-0.0386535918765,0.0334780774964,-0.0162561622377,-0.120323897439,-0.992601580139,0.271293515833,0.0,0.0,0.0,1.0,-0.338484247647,1.0
-0.441468127127,-0.889865789358,0.115085922951,0.481196133789,-0.897129564372,0.440074378667,-0.0386404706209,0.0333992893544,-0.016261533146,-0.120305520119,-0.992603719703,0.269628962311,0.0,0.0,0.0,1.0,-0.309055356636,1.0
-0.441467493535,-0.889866991984,0.115079054261,0.481312771431,-0.897129827819,0.440074407185,-0.0386340287611,0.0333619199749,-0.0162641996216,-0.120296519977,-0.992604766809,0.268827475415,0.0,0.0,0.0,1.0,-0.609233199487,1.0
-0.441466294082,-0.88986895427,0.115068481417,0.481495771963,-0.897130346171,0.44007421024,-0.0386242341146,0.0333029473639,-0.0162681642618,-0.120282724063,-0.992606373707,0.267612411019,0.0,0.0,0.0,1.0,-0.289076375709,1.0
-0.441465095733,-0.889870915734,0.115057909681,0.481672563706,-0.897130863952,0.440074014218,-0.0386144397117,0.033247249998,-0.0162721293541,-0.120268929241,-0.992607980255,0.266394400368,0.0,0.0,0.0,1.0,-0.355374441488,1.0
-0.441463942796,-0.889872848187,0.115047387068,0.481843344566,-0.89713135784,0.440073872133,-0.0386045832353,0.0331929623423,-0.0162761786689,-0.120255150101,-0.992609583312,0.265202795062,0.0,0.0,0.0,1.0,-0.511527527531,1.0
-0.441462744522,-0.88987480936,0.11503681526,0.482005652151,-0.897131875545,0.440073675826,-0.0385947888525,0.0331422140462,-0.0162801437746,-0.120241355242,-0.992611189443,0.264019391941,0.0,0.0,0.0,1.0,-0.317893294557,1.0
-0.441461546293,-0.889876770383,0.115026243429,0.482160721491,-0.897132393207,0.44007347939,-0.0385849944515,0.0330931971264,-0.0162841089192,-0.120227560363,-0.992612795367,0.262866695648,0.0,0.0,0.0,1.0,-0.377416562361,1.0
-0.4414607475,-0.889878077648,0.115019195524,0.482253891976,-0.897132738292,0.440073348358,-0.0385784648561,0.0330646420373,-0.0162867523549,-0.120218363769,-0.992613865866,0.262118126985,0.0,0.0,0.0,1.0,0.447754864363,1.0
-0.441459149976,-0.889880691976,0.115005099672,0.482363407962,-0.897133428404,0.440073086116,-0.038565405689,0.0330331252717,-0.0162920392309,-0.120199970567,-0.992616006587,0.260756641953,0.0,0.0,0.0,1.0,1.05138070107,1.0
-0.441458351243,-0.889881999041,0.114998051725,0.482377410869,-0.897133773433,0.440072954905,-0.0385588761048,0.0330308438608,-0.0162946826819,-0.120190773952,-0.992617076809,0.260145259704,0.0,0.0,0.0,1.0,1.95058315714,1.0
-0.441456771447,-0.889884613519,0.114983883943,0.482306025993,-0.897134453357,0.440072723264,-0.0385456980506,0.0330604246481,-0.0163000473259,-0.120172263281,-0.992619229914,0.25905392927,0.0,0.0,0.0,1.0,2.91201938278,1.0
-0.441455972652,-0.889885920459,0.114976835833,0.482216666629,-0.897134798392,0.440072591741,-0.0385391685425,0.0330923879875,-0.0163026906631,-0.120163066569,-0.992620299868,0.258581947003,0.0,0.0,0.0,1.0,3.4379594154,1.0
-0.441454297199,-0.889888583702,0.11496265516,0.481963291922,-0.897135528947,0.44007223884,-0.0385261898303,0.0331826795672,-0.0163078565358,-0.120144634502,-0.992622446157,0.257776702452,0.0,0.0,0.0,1.0,4.19655487659,1.0
-0.441453053918,-0.889890572525,0.114952033988,0.481709383751,-0.89713607017,0.440071987411,-0.0385164574665,0.0332705586754,-0.0163117376674,-0.120130823805,-0.992624053903,0.257294149041,0.0,0.0,0.0,1.0,5.01332500138,1.0
-0.441452255317,-0.889891879098,0.114944985933,0.481516445374,-0.897136415068,0.440071855739,-0.03850992787,0.0333367454101,-0.0163143811912,-0.12012162712,-0.99262512343,0.257030246768,0.0,0.0,0.0,1.0,5.41518446716,1.0
-0.441450658163,-0.88989449205,0.114930889778,0.481103911027,-0.897137104814,0.440071592208,-0.0384968686681,0.0334769242955,-0.0163196682697,-0.12010323372,-0.992627262207,0.256641162241,0.0,0.0,0.0,1.0,5.47759054232,1.0
-0.441449859618,-0.889895798426,0.11492384168,0.480883773779,-0.897137449659,0.440071460354,-0.0384903390732,0.0335522369476,-0.0163223118166,-0.120094037011,-0.992628331457,0.256515979967,0.0,0.0,0.0,1.0,5.92733554928,1.0
-0.441448661829,-0.889897757869,0.114913269505,0.480546032653,-0.897137966894,0.440071262455,-0.0384805446731,0.0336673624627,-0.0163262771579,-0.120080241926,-0.992629935159,0.256414906575,0.0,0.0,0.0,1.0,6.04371468413,1.0
-0.441447464076,-0.889899717168,0.114902697297,0.480211676254,-0.897138484093,0.440071064414,-0.0384707502619,0.0337805300637,-0.0163302425262,-0.120066446816,-0.992631538653,0.256417873203,0.0,0.0,0.0,1.0,5.80828900343,1.0
-0.441446665595,-0.889901023285,0.11489564914,0.480002271217,-0.89713882887,0.440070932309,-0.0384642206551,0.0338502588344,-0.0163328861145,-0.120057250065,-0.992632607533,0.256477650974,0.0,0.0,0.0,1.0,4.80154595107,1.0
-0.44144506869,-0.889903635322,0.114881552783,0.479683329264,-0.897139518371,0.440070667917,-0.0384511614491,0.0339564495431,-0.0163381733087,-0.120038856541,-0.992634745016,0.25673592654,0.0,0.0,0.0,1.0,4.13714176952,1.0
-0.44144387107,-0.889905594172,0.11487098048,0.479532978884,-0.897140035444,0.440070469473,-0.0384413670601,0.0340080643027,-0.0163421387142,-0.120025061383,-0.992636347885,0.25696626805,0.0,0.0,0.0,1.0,3.89503691066,1.0
-0.441442673494,-0.889907552872,0.114860408144,0.479408537164,-0.897140552476,0.440070270894,-0.0384315726659,0.0340508090834,-0.0163461041429,-0.120011266204,-0.992637950546,0.257126382842,0.0,0.0,0.0,1.0,3.39119860422,1.0
-0.441441475959,-0.889909511425,0.114849835776,0.479309348701,-0.897141069469,0.440070072178,-0.0384217782709,0.0340855682344,-0.0163500695905,-0.119997471005,-0.992639552998,0.257202091801,0.0,0.0,0.0,1.0,3.23408855863,1.0
-0.441440278465,-0.889911469831,0.114839263376,0.479218105834,-0.897141586421,0.440069873325,-0.0384119838756,0.0341173734278,-0.0163540350566,-0.119983675787,-0.992641155243,0.257233873553,0.0,0.0,0.0,1.0,3.38334807748,1.0
-0.441439081011,-0.889913428089,0.114828690943,0.479129950079,-0.897142103334,0.440069674334,-0.0384021894789,0.0341484464349,-0.0163580005423,-0.119969880548,-0.99264275728,0.257251076161,0.0,0.0,0.0,1.0,3.24180979438,1.0
-0.441438282732,-0.889914733512,0.114821642637,0.479074579775,-0.89714244792,0.440069541598,-0.0383956598833,0.0341685722479,-0.0163606442078,-0.119960683713,-0.992643825188,0.257251714001,0.0,0.0,0.0,1.0,3.32466200821,1.0
-0.441436686228,-0.889917344161,0.114807545982,0.478966305204,-0.897143137039,0.440069275942,-0.0383826006881,0.0342069296334,-0.0163659315666,-0.119942290014,-0.992645960728,0.257253918639,0.0,0.0,0.0,1.0,3.211572834,1.0
-0.441435888004,-0.889918649386,0.114800497633,0.478914278266,-0.897143481572,0.440069143023,-0.038376071092,0.0342255250039,-0.0163685752569,-0.119933093153,-0.992647028359,0.257247584131,0.0,0.0,0.0,1.0,3.19761417378,1.0
-0.441434690702,-0.889920607102,0.114789925082,0.478835933144,-0.897143998337,0.440068943531,-0.0383662766976,0.0342532896852,-0.016372540808,-0.119919297845,-0.992648629633,0.257248501639,0.0,0.0,0.0,1.0,3.12474059259,1.0
-0.441433459446,-0.889922586283,0.114779315665,0.478759653817,-0.897144532489,0.440068706711,-0.0383565013921,0.0342803294038,-0.0163764680822,-0.119905478593,-0.99265023422,0.257250675125,0.0,0.0,0.0,1.0,3.09841775061,1.0
-0.441431864421,-0.889925195343,0.114765220201,0.478655905848,-0.897145220749,0.4400684417,-0.0383434415077,0.0343168008101,-0.0163817569411,-0.119887085684,-0.992652368519,0.257261274122,0.0,0.0,0.0,1.0,3.23722251166,1.0
-0.441431066308,-0.889926500174,0.114758171766,0.478604199136,-0.897145565175,0.440068308416,-0.0383369119137,0.0343350697572,-0.0163844006791,-0.119877888772,-0.992653435595,0.257268332544,0.0,0.0,0.0,1.0,3.2784194798,1.0
-0.441429814057,-0.889928492336,0.114747539367,0.478535316831,-0.897146109361,0.440068052993,-0.0383271078091,0.0343591709357,-0.0163883409671,-0.119864036576,-0.992655043314,0.257267768677,0.0,0.0,0.0,1.0,3.29038867109,1.0
-0.441428205291,-0.889931109643,0.114733428705,0.478448888231,-0.897146806178,0.440067760608,-0.0383141519164,0.0343897006984,-0.0163935273071,-0.119845676442,-0.992657174507,0.257247752178,0.0,0.0,0.0,1.0,3.03512148485,1.0
-0.441427350128,-0.889932450497,0.1147263183,0.478407412015,-0.897147180916,0.440067556479,-0.0383077212835,0.0344048003229,-0.0163960462835,-0.119836468936,-0.992658244503,0.257229685209,0.0,0.0,0.0,1.0,3.07878942403,1.0
-0.441426070189,-0.889934467981,0.114715592912,0.478344642587,-0.897147739939,0.440067267817,-0.0382979440525,0.0344273182473,-0.0163999170837,-0.119822545856,-0.992659861294,0.257207769922,0.0,0.0,0.0,1.0,3.11681393423,1.0
-0.441424957293,-0.889936370789,0.114705113339,0.478283967761,-0.897148215735,0.440067141225,-0.0382882517063,0.0344489402188,-0.0164038435437,-0.119808877642,-0.992661446192,0.257191253448,0.0,0.0,0.0,1.0,3.13179976047,1.0
-0.441424126435,-0.889937695973,0.114698029134,0.478241316377,-0.897148576871,0.440066971466,-0.0382817403235,0.0344641650443,-0.0164064505327,-0.119799657388,-0.992662515899,0.257180794013,0.0,0.0,0.0,1.0,3.34439605565,1.0
-0.44142256333,-0.889940283495,0.114683967476,0.478146776265,-0.897149249562,0.440066732329,-0.0382687223115,0.0344966347243,-0.016411721235,-0.119781312856,-0.992664642514,0.257193221802,0.0,0.0,0.0,1.0,3.23146563471,1.0
-0.441421768843,-0.889941612595,0.114676711514,0.478104905188,-0.897149596804,0.440066576343,-0.0382623749869,0.0345114249559,-0.0164141081247,-0.119772010745,-0.992665725457,0.257199177032,0.0,0.0,0.0,1.0,3.27071381237,1.0
-0.441420190844,-0.889944350154,0.11466153995,0.478017234407,-0.897150302961,0.440066178674,-0.0382503893286,0.0345423228482,-0.0164179478525,-0.119753129461,-0.992667939934,0.257217344849,0.0,0.0,0.0,1.0,3.39247679683,1.0
-0.441419010806,-0.889946428102,0.114649954243,0.477957339617,-0.897150835982,0.440065855227,-0.0382416077095,0.0345632914289,-0.0164205479799,-0.119738874941,-0.992669616454,0.257218748942,0.0,0.0,0.0,1.0,3.0813245942,1.0
-0.441417830792,-0.889948505856,0.114638368722,0.477892146495,-0.897151368975,0.440065531681,-0.0382328258506,0.0345862485206,-0.0164231484421,-0.119724620488,-0.992671292747,0.257228893617,0.0,0.0,0.0,1.0,3.24562499612,1.0
-0.441416650809,-0.889950583442,0.114626783167,0.477835380846,-0.897151901944,0.440065208009,-0.0382240439957,0.034606248149,-0.0164257489224,-0.119710366013,-0.992672968828,0.257223720375,0.0,0.0,0.0,1.0,3.10077712652,1.0
-0.441415830597,-0.889951990145,0.114619019956,0.477799920079,-0.897152276458,0.440064940959,-0.0382183278731,0.0346187597317,-0.0164273352989,-0.119700889621,-0.992674085327,0.257219234882,0.0,0.0,0.0,1.0,3.1448088888,1.0
-0.441414235102,-0.889954850063,0.114602957638,0.477730641924,-0.897153012464,0.440064407899,-0.0382071868564,0.0346433370724,-0.0164300114464,-0.119681584844,-0.992676368699,0.257199418953,0.0,0.0,0.0,1.0,3.23190171994,1.0
-0.4414134202,-0.889956288682,0.11459492442,0.477696347043,-0.897153389058,0.440064123243,-0.0382016221645,0.0346551936811,-0.0164313410598,-0.119671933509,-0.992677510253,0.257193604359,0.0,0.0,0.0,1.0,3.20939642453,1.0
-0.441411858278,-0.889959139265,0.114578801748,0.477628984768,-0.89715411071,0.44006360973,-0.0381905881937,0.0346790849445,-0.016433898099,-0.119652621492,-0.992679795888,0.257175051703,0.0,0.0,0.0,1.0,3.28085354581,1.0
-0.441411211312,-0.889960524832,0.114570531851,0.477592873036,-0.897154408457,0.440063473741,-0.0381851602749,0.0346917856947,-0.0164350209557,-0.119642815581,-0.992680959204,0.257180338363,0.0,0.0,0.0,1.0,3.20982677003,1.0
-0.441410071127,-0.889962642857,0.114558471651,0.477544123929,-0.897154935938,0.440063106057,-0.0381770036773,0.0347090699495,-0.0164368497707,-0.119628412203,-0.992682664784,0.257176994778,0.0,0.0,0.0,1.0,3.40215647216,1.0
-0.441408893223,-0.889964741721,0.114546704352,0.477492997109,-0.897155482647,0.440062683401,-0.0381690271607,0.0347272662597,-0.0164386416931,-0.119614351863,-0.992684329426,0.257174129268,0.0,0.0,0.0,1.0,3.34449096943,1.0
-0.44140814189,-0.889966123019,0.114538867428,0.477462439509,-0.897155830471,0.44006243444,-0.0381637216047,0.0347386759025,-0.016439833482,-0.11960499017,-0.99268543769,0.257172347468,0.0,0.0,0.0,1.0,3.08142458851,1.0
-0.441406636913,-0.889968868126,0.114523336728,0.477410413875,-0.89715653049,0.440061904345,-0.0381533765718,0.0347574209394,-0.0164420402896,-0.119586513078,-0.992687627202,0.257139823962,0.0,0.0,0.0,1.0,3.18586978951,1.0
-0.441405457063,-0.889970944114,0.114511750964,0.477365863427,-0.897157080088,0.440061457412,-0.038145607198,0.034772979823,-0.0164437259681,-0.11957270731,-0.992689262329,0.257127578944,0.0,0.0,0.0,1.0,3.13955851457,1.0
-0.441404244312,-0.889973038853,0.114500145056,0.477327117151,-0.897157645433,0.440060981795,-0.0381377967712,0.0347869025893,-0.0164454353614,-0.119558865904,-0.992690901157,0.257096948662,0.0,0.0,0.0,1.0,3.28958497633,1.0
-0.441403064576,-0.88997511449,0.114488559127,0.477284176829,-0.897158194966,0.440060534708,-0.0381300275035,0.0348022241952,-0.0164471209546,-0.119545060043,-0.9926925359,0.257081936659,0.0,0.0,0.0,1.0,3.22322857341,1.0
-0.441401884858,-0.889977189965,0.114476973167,0.477238442073,-0.897158744485,0.440060087511,-0.0381222582404,0.0348185441606,-0.0164488065661,-0.119531254162,-0.992694170448,0.257085228628,0.0,0.0,0.0,1.0,3.24074982193,1.0
-0.441400705159,-0.889979265277,0.114465387176,0.477194520494,-0.897159293989,0.440059640206,-0.0381144889828,0.0348341237236,-0.0164504921955,-0.119517448259,-0.9926958048,0.257085761159,0.0,0.0,0.0,1.0,3.18780722678,1.0
-0.441399918609,-0.889980648041,0.114457668879,0.477163599727,-0.897159660515,0.440059340506,-0.0381093214059,0.0348449064663,-0.0164516077216,-0.119508254722,-0.992696893144,0.257088213697,0.0,0.0,0.0,1.0,3.35210255061,1.0
-0.441398312825,-0.889983435145,0.114442188909,0.477101319531,-0.89716041012,0.440058706936,-0.0380989890016,0.0348669475562,-0.0164538125628,-0.119489830602,-0.992699074461,0.257110213455,0.0,0.0,0.0,1.0,3.25598582626,1.0
-0.4413975264,-0.889984817632,0.114434470649,0.477073309303,-0.897160776574,0.440058407207,-0.0380938213148,0.034876943496,-0.0164549282678,-0.119480637054,-0.992700162539,0.257114674198,0.0,0.0,0.0,1.0,3.22568365432,1.0
-0.441396117988,-0.889987555655,0.114418607774,0.477017772084,-0.897161439498,0.440057909348,-0.0380839585479,0.0348968667878,-0.0164565641499,-0.119462074317,-0.992702369442,0.257118501113,0.0,0.0,0.0,1.0,3.19693998703,1.0
-0.44139533093,-0.889988961045,0.114410712133,0.476992074978,-0.897161814183,0.440057558889,-0.0380791811557,0.0349059928178,-0.0164572478178,-0.119452894827,-0.992703462728,0.257118956947,0.0,0.0,0.0,1.0,3.22347898001,1.0
-0.441393801144,-0.88999178072,0.114394678904,0.476939365011,-0.897162547905,0.440056867316,-0.0380698852889,0.0349247748492,-0.0164582790359,-0.119434432969,-0.992705666989,0.25711969032,0.0,0.0,0.0,1.0,3.21056660962,1.0
-0.441392663834,-0.889993903434,0.114382551833,0.476905355971,-0.897163098527,0.440056324584,-0.0380631821491,0.034936792044,-0.0164587652981,-0.119420613983,-0.99270732142,0.257107055322,0.0,0.0,0.0,1.0,3.19305485854,1.0
-0.441391883627,-0.889995331049,0.114374454221,0.476884806559,-0.897163475556,0.440055947824,-0.0380586509692,0.0349442574746,-0.0164591371903,-0.119411362503,-0.992708428144,0.257093161045,0.0,0.0,0.0,1.0,3.18395918193,1.0
-0.441390413844,-0.889998153924,0.114358159208,0.476835216897,-0.897164193204,0.44005522882,-0.0380500462789,0.0349618931763,-0.0164594349728,-0.119392971316,-0.992710635281,0.257083669809,0.0,0.0,0.0,1.0,3.23089728261,1.0
-0.441389633342,-0.889999579638,0.114350075745,0.476812690684,-0.897164571214,0.440054844937,-0.0380455727401,0.0349694126678,-0.0164597611045,-0.119383758076,-0.992711737904,0.257080849193,0.0,0.0,0.0,1.0,3.30287926539,1.0
-0.441388071755,-0.890002425541,0.114333952275,0.476762396552,-0.89716532614,0.440054084606,-0.0380365639007,0.0349872325707,-0.0164604885768,-0.119365343178,-0.992713940249,0.257091015081,0.0,0.0,0.0,1.0,3.27153676064,1.0
-0.441387195016,-0.890003898979,0.114325867058,0.476741872229,-0.897165752625,0.440053597169,-0.0380321434444,0.0349945862649,-0.0164607530963,-0.119356153679,-0.992715040778,0.257084886656,0.0,0.0,0.0,1.0,3.11866256813,1.0
-0.441386025123,-0.890006032163,0.114313776685,0.476710831041,-0.897166317812,0.440053030569,-0.0380253661583,0.0350056931094,-0.0164613186099,-0.119342335326,-0.992716692712,0.257069987401,0.0,0.0,0.0,1.0,3.21522634888,1.0
-0.441384689029,-0.89000825048,0.114301663893,0.4766835302,-0.897166961487,0.440052323989,-0.0380183556602,0.0350154438759,-0.0164620626248,-0.119328396579,-0.992718355962,0.257054672336,0.0,0.0,0.0,1.0,3.14292644419,1.0
-0.441383857029,-0.890009697699,0.114293607681,0.476664821048,-0.897167366138,0.440051878124,-0.0380139671319,0.0350221142329,-0.0164623173224,-0.119319246404,-0.99271945158,0.257040850312,0.0,0.0,0.0,1.0,3.27768996552,1.0
-0.441382206827,-0.890012601577,0.114277366661,0.476628841304,-0.897168162612,0.440051049147,-0.038004764706,0.0350348775261,-0.0164631555846,-0.119300641991,-0.992721673647,0.257016654968,0.0,0.0,0.0,1.0,3.26457791748,1.0
-0.441381425845,-0.8900140223,0.114269317966,0.47661153485,-0.897168540143,0.440050667954,-0.0380002659268,0.0350411036377,-0.0164635201717,-0.11929144874,-0.992722772359,0.257002997613,0.0,0.0,0.0,1.0,3.16309184271,1.0
-0.441379860335,-0.890016837903,0.114253433818,0.476574694403,-0.897169302118,0.440049855359,-0.0379916850989,0.035054232391,-0.0164639675875,-0.119273438146,-0.992724929033,0.256982594645,0.0,0.0,0.0,1.0,3.25823665509,1.0
-0.441378917944,-0.890018790867,0.114241860536,0.476542319819,-0.897169751561,0.440049518906,-0.0379849680105,0.0350655596748,-0.0164647404682,-0.119260105714,-0.992726517983,0.256988291683,0.0,0.0,0.0,1.0,3.21959170852,1.0
-0.441377738435,-0.890020899255,0.11422999126,0.476509733212,-0.89717032719,0.440048891137,-0.0379786442501,0.0350767240366,-0.0164649938805,-0.119246686741,-0.992728125761,0.256997603586,0.0,0.0,0.0,1.0,3.18736370011,1.0
-0.441376563382,-0.89002300367,0.114218134443,0.476479753942,-0.897170901077,0.440048263882,-0.0379723546035,0.0350873288397,-0.0164652226648,-0.119233293976,-0.992729730617,0.256999499085,0.0,0.0,0.0,1.0,3.38092371504,1.0
-0.441375733613,-0.890024436042,0.114210179169,0.476456490673,-0.897171305348,0.440047810183,-0.0379680604315,0.0350954727814,-0.016465437671,-0.119224276056,-0.99273081012,0.257009565337,0.0,0.0,0.0,1.0,3.24143886401,1.0
-0.441374205684,-0.890027256514,0.11419410326,0.476418795739,-0.897172058903,0.440046969357,-0.0379599984805,0.035108845851,-0.016465335753,-0.119206322913,-0.992732967769,0.257015265785,0.0,0.0,0.0,1.0,3.21859291103,1.0
-0.441373327685,-0.890028721038,0.114186082061,0.47640000467,-0.897172491716,0.440046435712,-0.0379559550837,0.0351155253503,-0.0164652882597,-0.119197357962,-0.992734045018,0.257018628093,0.0,0.0,0.0,1.0,3.29877789403,1.0
-0.441372121989,-0.890030869419,0.114173996217,0.47637482128,-0.897173087146,0.440045740675,-0.0379499382718,0.0351245132216,-0.0164651641767,-0.119183881442,-0.992735665106,0.257015907387,0.0,0.0,0.0,1.0,3.14485145446,1.0
-0.441370951826,-0.890032999526,0.114161914135,0.476350841492,-0.897173665866,0.440045074994,-0.0379439751517,0.0351330821417,-0.0164649980489,-0.119170431436,-0.992737282523,0.257004968585,0.0,0.0,0.0,1.0,3.22743931856,1.0
-0.441370171659,-0.89003442508,0.114153816155,0.476334139084,-0.897174051431,0.440044634941,-0.0379399617536,0.0351389960717,-0.01646490231,-0.119161409158,-0.992738367124,0.257005135552,0.0,0.0,0.0,1.0,3.1424839659,1.0
-0.441368576374,-0.890037280762,0.114137717882,0.476304466051,-0.897174838646,0.440043723963,-0.0379319113805,0.0351498265802,-0.0164647711624,-0.11914344235,-0.992740525745,0.256992740206,0.0,0.0,0.0,1.0,3.2195408458,1.0
-0.441367396178,-0.890039346809,0.114126170194,0.476280430928,-0.897175421793,0.440043028965,-0.0379261807932,0.0351584728601,-0.0164646324362,-0.119130574545,-0.992742072286,0.256989680904,0.0,0.0,0.0,1.0,3.14808363819,1.0
-0.441366215644,-0.890041410273,0.114114642737,0.476255496024,-0.89717600379,0.440042342206,-0.0379203809328,0.0351672969,-0.0164645653466,-0.119117694173,-0.992743618979,0.256993681166,0.0,0.0,0.0,1.0,3.22475834476,1.0
-0.441365034027,-0.89004346576,0.114103180483,0.47623222272,-0.897176584428,0.440041665187,-0.0379144992663,0.0351756278822,-0.0164646012133,-0.119104835997,-0.992745161131,0.256994762088,0.0,0.0,0.0,1.0,3.19108772963,1.0
-0.441363761413,-0.890045576871,0.114091635121,0.47621129718,-0.897177211614,0.44004088861,-0.0379086706716,0.0351830851179,-0.0164645398452,-0.119091928544,-0.992746710638,0.256992114766,0.0,0.0,0.0,1.0,3.18121676923,1.0
-0.441362578984,-0.890047626179,0.114080221795,0.476192831495,-0.897177791877,0.440040214114,-0.0379027667231,0.035189761188,-0.0164646176774,-0.119079104359,-0.992748247679,0.256974670029,0.0,0.0,0.0,1.0,3.15503996574,1.0
-0.441361791286,-0.890048996567,0.114072577349,0.47618215417,-0.8971781791,0.44003976165,-0.0378988537374,0.0351936799821,-0.0164646330076,-0.119070533205,-0.992749275488,0.25695863088,0.0,0.0,0.0,1.0,3.15239817969,1.0
-0.441360216913,-0.890051744545,0.114057226688,0.47616233119,-0.897178954687,0.440038848345,-0.0378910967621,0.0352009637338,-0.0164645739015,-0.119053366101,-0.992751335344,0.256921972177,0.0,0.0,0.0,1.0,3.23924647319,1.0
-0.441359429894,-0.89005311966,0.114049541108,0.476150340979,-0.897179342031,0.440038394882,-0.037887191255,0.0352054323737,-0.0164645642346,-0.119044761383,-0.992752367367,0.256916453146,0.0,0.0,0.0,1.0,3.10285856844,1.0
-0.441358247684,-0.890055170043,0.114038114162,0.476132418699,-0.897179922904,0.440037715658,-0.0378813243887,0.0352119047835,-0.0164646026335,-0.119031941424,-0.992753903936,0.256905575449,0.0,0.0,0.0,1.0,3.13858274088,1.0
-0.441357065844,-0.890057222953,0.114026664856,0.476117151959,-0.897180502935,0.440037042418,-0.0378754069679,0.0352173457865,-0.0164646768159,-0.11901907901,-0.992755444835,0.256886656313,0.0,0.0,0.0,1.0,3.22527135177,1.0
-0.441355491778,-0.89005997239,0.114011295168,0.476084998246,-0.897181279478,0.440036121732,-0.0378677082147,0.0352286680723,-0.0164645568313,-0.119001920655,-0.992757503748,0.256898865012,0.0,0.0,0.0,1.0,3.30122311897,1.0
-0.441354238024,-0.89006203843,0.114000018964,0.476061264561,-0.897181895991,0.440035361714,-0.0378619326927,0.0352369314746,-0.016464570589,-0.118989277611,-0.992759018961,0.25691783614,0.0,0.0,0.0,1.0,3.20211217314,1.0
-0.441353326618,-0.89006351161,0.113992045263,0.476048315424,-0.897182344526,0.440034797014,-0.0378578669086,0.0352414967902,-0.0164645605359,-0.118980345925,-0.992760089614,0.256915918044,0.0,0.0,0.0,1.0,3.20347447284,1.0
-0.441351829469,-0.890066234209,0.113976582442,0.476023008965,-0.897183080377,0.440033976707,-0.0378499620626,0.035250578639,-0.0164645956255,-0.118963011328,-0.992762166396,0.256913878666,0.0,0.0,0.0,1.0,3.26250910269,1.0
-0.441351041547,-0.890067602115,0.113968950989,0.476008623628,-0.897183466995,0.440033528075,-0.0378460132837,0.0352556350974,-0.0164646493017,-0.118954435959,-0.992763193057,0.256918842979,0.0,0.0,0.0,1.0,3.24493563894,1.0
-0.441349870845,-0.890069655503,0.113957447577,0.475988643885,-0.897184043333,0.440032854697,-0.0378401793875,0.0352628470456,-0.0164646255396,-0.11894156187,-0.99276473596,0.256925761604,0.0,0.0,0.0,1.0,3.27737112458,1.0
-0.441348689569,-0.890071709519,0.113945978997,0.475970326567,-0.897184624142,0.440032174552,-0.0378343172575,0.0352692294741,-0.0164646414799,-0.118928706682,-0.992766275771,0.256929128741,0.0,0.0,0.0,1.0,3.16635603003,1.0
-0.441347903318,-0.890073089238,0.113938246655,0.475958495976,-0.897185012544,0.440031712869,-0.0378304762932,0.035273533823,-0.0164645529351,-0.118920088648,-0.992767309601,0.256927429363,0.0,0.0,0.0,1.0,3.17353347207,1.0
-0.441346294515,-0.89007584399,0.113922957581,0.475937465907,-0.897185803539,0.440030772446,-0.0378226549673,0.0352810964242,-0.0164645754818,-0.118902948858,-0.992769362192,0.256917872569,0.0,0.0,0.0,1.0,3.25834051199,1.0
-0.441345506473,-0.890077210123,0.113915336701,0.475926558601,-0.897186190333,0.440030322101,-0.037818719002,0.035284885588,-0.0164646224011,-0.118894388648,-0.992770386624,0.256915570417,0.0,0.0,0.0,1.0,3.21627074528,1.0
-0.441343977322,-0.890079916605,0.113900112986,0.47590461605,-0.897186942866,0.440029452334,-0.0378109855692,0.0352927439802,-0.0164646054558,-0.11887734492,-0.992772427917,0.256913814249,0.0,0.0,0.0,1.0,3.25998187282,1.0
-0.441342761292,-0.890081988155,0.11388863603,0.475884635397,-0.897187542234,0.440028727102,-0.0378052031496,0.0352996688813,-0.0164645411619,-0.118864518198,-0.992773964807,0.256927976396,0.0,0.0,0.0,1.0,3.25799267845,1.0
-0.441341579356,-0.890084037435,0.113877199804,0.475870063378,-0.897188122256,0.440028052398,-0.0377992908133,0.0353048829049,-0.0164646170629,-0.118851669766,-0.992775501802,0.256923560856,0.0,0.0,0.0,1.0,3.21090300724,1.0
-0.441340397351,-0.890086087142,0.113865759308,0.475857917767,-0.897188702992,0.440027372798,-0.0377934175732,0.0353092702055,-0.0164646557526,-0.118838834838,-0.99277703763,0.256913053946,0.0,0.0,0.0,1.0,3.23525045466,1.0
-0.44133961053,-0.890087462061,0.113858061022,0.475852639965,-0.897189090865,0.44002691452,-0.0377895452585,0.0353112772342,-0.0164646108531,-0.118830233442,-0.992778067954,0.2568973748,0.0,0.0,0.0,1.0,3.16345167486,1.0
-0.441338035709,-0.89009020322,0.113842735244,0.475836851642,-0.897189865967,0.440026002497,-0.0377817619124,0.0353169960613,-0.0164645875641,-0.118813076963,-0.992780121728,0.256878213138,0.0,0.0,0.0,1.0,3.12831819881,1.0
-0.441337247591,-0.8900915686,0.113835114954,0.475830107746,-0.897190253202,0.440025548704,-0.0377778512855,0.0353194764097,-0.0164646120102,-0.118804528515,-0.992781144339,0.256862784378,0.0,0.0,0.0,1.0,3.19450053496,1.0
-0.441336065871,-0.890093619839,0.11382365696,0.475816220258,-0.897190833571,0.440024871426,-0.037771956304,0.0353245235082,-0.016464662704,-0.118791668263,-0.99278268238,0.25685976949,0.0,0.0,0.0,1.0,3.17907936148,1.0
-0.441334885912,-0.890095683638,0.113812092705,0.47580193714,-0.897191416005,0.44002417916,-0.0377661859562,0.0353296934212,-0.0164645535638,-0.118778767982,-0.992784227691,0.256859176962,0.0,0.0,0.0,1.0,3.22987944049,1.0
-0.441334098196,-0.890097051658,0.113804448063,0.475792358741,-0.897191803253,0.440023725114,-0.03776227632,0.0353331352499,-0.0164645663549,-0.118770198141,-0.992785252755,0.256859653614,0.0,0.0,0.0,1.0,3.27209430566,1.0
-0.441332522212,-0.890099783517,0.113789192025,0.475776400411,-0.897192577256,0.440022820452,-0.0377544275256,0.0353388767644,-0.0164646334445,-0.118753075181,-0.992787299969,0.256860105906,0.0,0.0,0.0,1.0,3.22422022248,1.0
-0.441331340674,-0.8901018355,0.113777722677,0.47576262167,-0.897193158156,0.440022138985,-0.0377485650122,0.0353438028972,-0.0164646498962,-0.118740219142,-0.992788837398,0.256859785968,0.0,0.0,0.0,1.0,3.25210020538,1.0
-0.441329766381,-0.890104579113,0.113762364378,0.475742365239,-0.897193935068,0.440021213075,-0.0377408919055,0.0353510031294,-0.0164645128712,-0.118723082367,-0.992790889125,0.256869608081,0.0,0.0,0.0,1.0,3.24877987705,1.0
-0.441329045484,-0.890105903287,0.113754800101,0.475733264465,-0.897194293468,0.440020792533,-0.0377372747627,0.0353541421307,-0.0164643062548,-0.118714712956,-0.992791893373,0.256871641941,0.0,0.0,0.0,1.0,3.24011933534,1.0
-0.441327860025,-0.890107938195,0.113743475975,0.475719545839,-0.897194885518,0.440020034272,-0.0377320399642,0.0353589268873,-0.0164638199003,-0.118702265358,-0.992793389801,0.256874823961,0.0,0.0,0.0,1.0,3.20549714302,1.0
-0.441326905375,-0.890109923298,0.113731644847,0.475707269396,-0.897195376875,0.440019433417,-0.0377273631328,0.0353633778539,-0.0164626336227,-0.11868960638,-0.992794922948,0.256875282685,0.0,0.0,0.0,1.0,3.23552758527,1.0
-0.441326114101,-0.890111269325,0.113724180512,0.475699831731,-0.8971957713,0.440018928673,-0.0377238700506,0.0353659851297,-0.0164623502185,-0.118681382828,-0.992795910747,0.256872353198,0.0,0.0,0.0,1.0,3.19096837642,1.0
-0.441324483977,-0.890113966625,0.113709393899,0.475686147407,-0.897196582169,0.440017875902,-0.0377168640132,0.0353708347404,-0.016461858538,-0.118665055114,-0.99279787062,0.256865048616,0.0,0.0,0.0,1.0,3.21533366495,1.0
-0.441323690288,-0.890115307618,0.113701976827,0.475678901507,-0.897196977936,0.440017365545,-0.0377134034814,0.0353733813695,-0.0164615665596,-0.118656888392,-0.992798851562,0.256862057785,0.0,0.0,0.0,1.0,3.23285607407,1.0
-0.441322120104,-0.890117922309,0.113687601305,0.475663959628,-0.897197755862,0.440016379437,-0.037706401353,0.0353786411113,-0.0164612630832,-0.118640929747,-0.992800763802,0.256860885243,0.0,0.0,0.0,1.0,3.20059213152,1.0
-0.441320923691,-0.890119866115,0.113677026091,0.475652939779,-0.897198347192,0.44001562216,-0.0377011677636,0.0353825395093,-0.0164611089588,-0.118629154105,-0.992802173491,0.256859802237,0.0,0.0,0.0,1.0,3.24271343422,1.0
-0.441319868647,-0.890121743814,0.113666418645,0.475641074326,-0.897198866254,0.440015025848,-0.037695774574,0.0353866923246,-0.0164611035399,-0.118617276223,-0.992803592787,0.256863956721,0.0,0.0,0.0,1.0,3.20974362058,1.0
-0.441318716295,-0.890123666699,0.113655834124,0.475632455547,-0.897199434845,0.440014320128,-0.0376904788657,0.0353897366286,-0.0164610073332,-0.118605463893,-0.992805005614,0.256854511816,0.0,0.0,0.0,1.0,3.14593479354,1.0
-0.441317918682,-0.890124962328,0.113648783936,0.475628795436,-0.897199829022,0.440013815445,-0.0376869874026,0.0353910159143,-0.0164609067985,-0.118597612358,-0.992805945233,0.256841462997,0.0,0.0,0.0,1.0,3.07450770053,1.0
-0.441316369813,-0.890127531756,0.113634673163,0.475617505846,-0.897200593477,0.440012860238,-0.0376799401456,0.0353950958766,-0.0164607654421,-0.118581870601,-0.992807827913,0.256822698996,0.0,0.0,0.0,1.0,3.1915060179,1.0
-0.441315572198,-0.890128827215,0.113627622943,0.475614320199,-0.897200987653,0.440012355472,-0.0376764486937,0.0353962902435,-0.0164606649287,-0.118574019043,-0.992808767345,0.256812597265,0.0,0.0,0.0,1.0,3.15372917782,1.0
-0.441314410621,-0.890130763767,0.11361696341,0.475609112453,-0.897201563113,0.440011626706,-0.0376712557637,0.0353982927618,-0.0164604412264,-0.118562185202,-0.992810184333,0.256795920698,0.0,0.0,0.0,1.0,3.1638652457,1.0
-0.441313214058,-0.890132706718,0.11360638859,0.475600865969,-0.897202154491,0.440010868929,-0.03766602184,0.0354012226676,-0.0164602877877,-0.118550409766,-0.992811593038,0.256789381044,0.0,0.0,0.0,1.0,3.19639016593,1.0
-0.441311618816,-0.890135297127,0.113592288059,0.475588291191,-0.897202942839,0.440009859144,-0.0376590389721,0.035405610465,-0.0164600868238,-0.118534706582,-0.992813471342,0.256786531917,0.0,0.0,0.0,1.0,3.23386128897,1.0
-0.441310821194,-0.890136592246,0.113585237778,0.475579298521,-0.897203337013,0.44000935421,-0.0376555475442,0.0354088106468,-0.0164599863523,-0.118526854979,-0.9928144104,0.256794792388,0.0,0.0,0.0,1.0,3.15963812638,1.0
-0.441310044685,-0.890137881664,0.113578149693,0.475571827241,-0.897203721649,0.440008865645,-0.0376520917567,0.0354112987358,-0.0164598396118,-0.118518984898,-0.992815352369,0.256802002896,0.0,0.0,0.0,1.0,3.15070328695,1.0
-0.441308449412,-0.890140471626,0.113564049109,0.475565082618,-0.897204510003,0.44000785562,-0.037645108882,0.0354138118382,-0.0164596387493,-0.118503281663,-0.992817230172,0.256786473492,0.0,0.0,0.0,1.0,3.20508330204,1.0
-0.441307252971,-0.890142413945,0.113553473622,0.475556445723,-0.8972051012,0.440007098474,-0.0376398681328,0.0354168157134,-0.0164594913696,-0.1184915026,-0.992818638501,0.256785171634,0.0,0.0,0.0,1.0,3.25224742929,1.0
-0.441306056527,-0.890144356136,0.113542898112,0.475546564817,-0.897205692516,0.440006340398,-0.0376346346582,0.0354202511208,-0.01645933744,-0.11847972674,-0.992820046415,0.256788529437,0.0,0.0,0.0,1.0,3.21163416333,1.0
-0.44130486008,-0.8901462982,0.113532322578,0.475538555642,-0.897206284285,0.440005578999,-0.0376294285084,0.0354230348976,-0.016459158841,-0.118467962969,-0.992821453153,0.256785900676,0.0,0.0,0.0,1.0,3.23411317219,1.0
-0.441303663629,-0.890148240138,0.113521747022,0.47552940637,-0.897206882974,0.440004767725,-0.0376246398493,0.0354262916078,-0.0164586029827,-0.118456384204,-0.99282284393,0.256788068811,0.0,0.0,0.0,1.0,3.21145304938,1.0
-0.441302467171,-0.89015018195,0.113511171444,0.475523278385,-0.897207482624,0.440003949485,-0.0376199091104,0.0354285780429,-0.0164579948067,-0.118444831086,-0.992824232377,0.256780662147,0.0,0.0,0.0,1.0,3.19946518205,1.0
-0.441301941274,-0.890151343154,0.113504109653,0.475518718364,-0.897207748927,0.440003672147,-0.0376168015946,0.0354302516465,-0.0164575785865,-0.118437134284,-0.992825157482,0.25677724946,0.0,0.0,0.0,1.0,3.22703908674,1.0
-0.441301204214,-0.890153511043,0.113489972849,0.475509346441,-0.897208126134,0.440003433933,-0.0376105906049,0.0354335881582,-0.0164567784911,-0.1184217248,-0.992827008868,0.25677211501,0.0,0.0,0.0,1.0,3.18550755617,1.0
-0.441300832171,-0.890154590107,0.113482955711,0.475505247677,-0.897208316491,0.440003308963,-0.0376075115083,0.0354351410399,-0.0164563770321,-0.118414077768,-0.992827927609,0.25676754791,0.0,0.0,0.0,1.0,3.20787138393,1.0
-0.441300334717,-0.890156188653,0.113472350734,0.475497338614,-0.897208572466,0.440003183023,-0.0376028778574,0.0354379877164,-0.0164557610721,-0.118402528401,-0.992829315238,0.256766315707,0.0,0.0,0.0,1.0,3.25043332085,1.0
-0.441299826088,-0.890157785997,0.113461797638,0.475487331858,-0.897208837474,0.440003018328,-0.0375984816408,0.0354414648921,-0.0164549522514,-0.118391130966,-0.992830687809,0.256774008022,0.0,0.0,0.0,1.0,3.21685463081,1.0
