-0.442980005429,-0.895734722937,0.02679628552,0.473955026689,-0.890780942123,0.437917975867,-0.120665387026,0.0443797707694,0.096616392116,-0.0772455541435,-0.991294736888,0.322755924313,0.0,0.0,0.0,1.0
-0.442709804952,-0.889553401179,0.109037917648,0.46778690428,-0.894732485588,0.435113970162,-0.0913251991641,0.0421792566798,0.0344673223526,-0.138074142639,-0.989616741023,0.322630074623,0.0,0.0,0.0,1.0
-0.441104416731,-0.889985627285,0.108664632751,0.467772950463,-0.896848185212,0.440683203071,-0.0362549018581,0.0380236495623,-0.0155633966534,-0.112957844377,-0.992637315722,0.323855519265,0.0,0.0,0.0,1.0
-0.443263749874,-0.885521830965,0.137461710279,0.465571220733,-0.894932766181,0.429846372697,-0.117643550629,0.0441024639368,0.0454518179354,-0.175020971935,-0.982654428285,0.324105674475,0.0,0.0,0.0,1.0
-0.443316945112,-0.890133432192,0.105510942898,0.467834468992,-0.895741931665,0.435541185289,-0.0891642740894,0.0421360248197,0.0334137401931,-0.134038609406,-0.990412627724,0.308149084919,0.0,0.0,0.0,1.0,-3.67446929204,0.0
-0.443316035386,-0.890132252519,0.105524716514,0.467833957776,-0.895742217626,0.435538251557,-0.0891757309635,0.0421365345792,0.0334181437458,-0.134055975088,-0.990410128791,0.308237392434,0.0,0.0,0.0,1.0,-3.58078604223,0.0
-0.443315157178,-0.890131061605,0.105538450731,0.467833440159,-0.895742486143,0.435535345203,-0.0891872277657,0.0421370321791,0.0334225961614,-0.134073324137,-0.990407630131,0.30832524506,0.0,0.0,0.0,1.0,-3.72871680648,0.0
-0.443314550329,-0.890130275012,0.105547633671,0.467833100167,-0.895742676962,0.43553338875,-0.0891948650615,0.0421373721886,0.0334255311995,-0.134084901428,-0.990405963771,0.308383423112,0.0,0.0,0.0,1.0,-3.62861430969,0.0
-0.443313640142,-0.890129094907,0.105561408021,0.467832590167,-0.895742963125,0.435530453933,-0.0892063210104,0.0421378821887,0.0334299338277,-0.134102267303,-0.990403463962,0.308470396798,0.0,0.0,0.0,1.0,-3.69159066405,0.0
-0.443312730016,-0.890127914559,0.105575182354,0.467832080167,-0.895743249235,0.435527518915,-0.0892177769088,0.0421383921887,0.0334343364717,-0.134119633128,-0.990400963829,0.308556745345,0.0,0.0,0.0,1.0,-3.73525384784,0.0
-0.443311516607,-0.890126340382,0.105593548105,0.467831400167,-0.895743630633,0.435523605244,-0.0892330513617,0.0421390721887,0.0334402066885,-0.134142787482,-0.990397629815,0.308671176118,0.0,0.0,0.0,1.0,-3.61340155804,0.0
-0.443310667401,-0.890125138224,0.105607246302,0.467830913662,-0.895743883016,0.435520723039,-0.0892445843926,0.0421395586941,0.0334447037506,-0.134160121146,-0.990395130079,0.308756348426,0.0,0.0,0.0,1.0,-3.58160421307,0.0
-0.443310060773,-0.890124350812,0.105616429161,0.46783057366,-0.895744073646,0.435518765931,-0.0892522215461,0.0421398986959,0.0334476388722,-0.134171698258,-0.99039346264,0.308812828852,0.0,0.0,0.0,1.0,-3.70744496887,0.0
-0.443308847607,-0.890122775662,0.105634794844,0.46782989366,-0.89574445483,0.435514851452,-0.0892674957976,0.0421405786959,0.033453509151,-0.13419485241,-0.99039012733,0.308925118021,0.0,0.0,0.0,1.0,-3.64022766862,0.0
-0.443308241064,-0.890121987924,0.105643977675,0.46782955366,-0.895744645387,0.435512894078,-0.0892751328897,0.0421409186959,0.033456444301,-0.134206429451,-0.990388459459,0.308980916652,0.0,0.0,0.0,1.0,-3.70639044058,0.0
-0.4433073313,-0.890120806114,0.105657751906,0.46782904366,-0.895744931178,0.435509957849,-0.0892865884859,0.0421414286959,0.0334608470392,-0.134223794972,-0.990385957382,0.309064130259,0.0,0.0,0.0,1.0,-3.65416303644,0.0
-0.443306421596,-0.890119624061,0.105671526121,0.467828533661,-0.895745216916,0.435507021418,-0.0892980440316,0.0421419386959,0.0334652497932,-0.134241160442,-0.990383454981,0.30914694946,0.0,0.0,0.0,1.0,-3.70383262326,0.0
-0.443305815161,-0.89011883589,0.105680708921,0.467828193661,-0.895745407378,0.435505063685,-0.0893056810341,0.0421422786959,0.0334681849715,-0.134252737394,-0.990381786533,0.309201789923,0.0,0.0,0.0,1.0,-3.64426118426,0.0
-0.443304646804,-0.890117243701,0.105699018861,0.467827530838,-0.895745763664,0.4355011869,-0.0893210114535,0.0421429415189,0.0334741243512,-0.134275867803,-0.990378450051,0.309310976804,0.0,0.0,0.0,1.0,-3.72258935754,0.0
-0.443304040435,-0.890116455211,0.105708201656,0.467827190833,-0.895745954062,0.435499228887,-0.0893286483714,0.0421432815242,0.0334770595287,-0.134287444695,-0.990376781171,0.309365155493,0.0,0.0,0.0,1.0,-3.6408637375,0.0
-0.443302993376,-0.890114827418,0.105726297932,0.467826575614,-0.895746244121,0.435495467563,-0.0893440757711,0.0421438967429,0.0334831630341,-0.134310430508,-0.990373457868,0.309472996437,0.0,0.0,0.0,1.0,-3.65975269049,0.0
-0.4433019286,-0.890113742808,0.105739892966,0.467826010232,-0.895746588648,0.435492323705,-0.0893559450696,0.0421444621247,0.0334880430119,-0.13432781119,-0.990370935618,0.309553235788,0.0,0.0,0.0,1.0,-3.76644073778,0.0
-0.443300981643,-0.8901125943,0.10575353017,0.467825487995,-0.895746885593,0.435489334375,-0.0893675365873,0.0421449843621,0.0334926353764,-0.134345111986,-0.990368433595,0.309633082547,0.0,0.0,0.0,1.0,-3.70622918895,0.0
-0.443300050975,-0.890111496491,0.105766670649,0.467824978005,-0.895747137412,0.435486262109,-0.0893799828439,0.0421454943525,0.0334982182288,-0.134362343418,-0.990365907151,0.309712331066,0.0,0.0,0.0,1.0,-3.68457452452,0.0
-0.443299480302,-0.890110762591,0.105775238516,0.467824658869,-0.89574726839,0.43548423293,-0.0893885565447,0.0421458134887,0.0335022676249,-0.134373781625,-0.990364218293,0.309764997508,0.0,0.0,0.0,1.0,-3.73287418183,0.0
-0.443298221834,-0.89010936929,0.105792236104,0.467823978855,-0.895747615354,0.435480181531,-0.0894048157579,0.042146493502,0.0335096419826,-0.134396139062,-0.990360935063,0.30986949419,0.0,0.0,0.0,1.0,-3.67151620188,0.0
-0.443297475598,-0.890108712194,0.105800891324,0.467823593475,-0.895747854769,0.435478057139,-0.0894127643372,0.0421468788822,0.0335131139204,-0.134407374153,-0.990359292867,0.309921517987,0.0,0.0,0.0,1.0,-3.75572654037,0.0
-0.443296529668,-0.890107689726,0.105813456023,0.46782308495,-0.895748099376,0.435474967978,-0.0894253584205,0.0421473874077,0.0335190878132,-0.134424153173,-0.990356813374,0.309999059132,0.0,0.0,0.0,1.0,-3.85388041395,0.0
-0.443295576664,-0.890106681756,0.105825926896,0.46782257495,-0.895748357193,0.435471920094,-0.0894376173371,0.0421478974077,0.0335248012107,-0.134440700319,-0.990354373849,0.310076087639,0.0,0.0,0.0,1.0,-3.79372153678,0.0
-0.443294238225,-0.890105406193,0.105842261043,0.46782187347,-0.895748790647,0.435468044122,-0.089452147001,0.042148598888,0.0335309172394,-0.134461698691,-0.990351316036,0.310178149987,0.0,0.0,0.0,1.0,-3.82807890276,0.0
-0.443293548361,-0.890104780062,0.105850415645,0.467821515217,-0.895749045469,0.43546619879,-0.0894585784216,0.0421489571409,0.0335332301293,-0.134471819437,-0.990349863561,0.310228826177,0.0,0.0,0.0,1.0,-3.85610104487,0.0
-0.443292333036,-0.890103455252,0.105866644509,0.467820860671,-0.895749457149,0.43546261116,-0.0894719190527,0.0421496116874,0.0335382988441,-0.134492205087,-0.9903469237,0.310329664543,0.0,0.0,0.0,1.0,-3.76559200611,0.0
-0.443291579367,-0.890102841101,0.10587496364,0.467820476665,-0.895749724575,0.435460610275,-0.089478979782,0.0421499956931,0.0335411178432,-0.134502747788,-0.990345396441,0.310379669584,0.0,0.0,0.0,1.0,-3.6934191851,0.0
-0.443290618801,-0.890101863831,0.105887200768,0.467819966701,-0.895750061145,0.435457878598,-0.0894889039207,0.042150505657,0.0335448243551,-0.134518058157,-0.990343191418,0.31045447862,0.0,0.0,0.0,1.0,-3.69370353958,0.0
-0.443289677202,-0.890100925204,0.105899032274,0.467819468851,-0.895750398136,0.435455245559,-0.0894983427433,0.0421510035074,0.033548268577,-0.134532791786,-0.990341073373,0.310528718294,0.0,0.0,0.0,1.0,-3.69663035323,0.0
-0.443288653535,-0.890100040161,0.105910755602,0.467818941908,-0.895750767628,0.435452510013,-0.0895079539387,0.0421515304505,0.0335519290313,-0.134547501013,-0.990338951082,0.310602588643,0.0,0.0,0.0,1.0,-3.76729168751,0.0
-0.443287684854,-0.890099212513,0.105921765189,0.467818444312,-0.895751131817,0.435449988075,-0.0895165779871,0.042152028047,0.0335550041848,-0.134561137664,-0.990336994121,0.31067595882,0.0,0.0,0.0,1.0,-3.84349322379,0.0
-0.443286673743,-0.89009843753,0.105932508647,0.467817934311,-0.895751519112,0.43544745952,-0.0895250021273,0.0421525380476,0.0335580227424,-0.134574445954,-0.990335083497,0.310748887261,0.0,0.0,0.0,1.0,-3.66016416512,0.0
-0.443285999687,-0.890097920793,0.105939670954,0.467817594311,-0.895751777293,0.435445773754,-0.0895306182056,0.0421528780476,0.0335600351225,-0.134583318137,-0.990333809643,0.310797270984,0.0,0.0,0.0,1.0,-3.77783651019,0.0
-0.443284651619,-0.890096887122,0.105953995556,0.467816914311,-0.895752293618,0.435442402069,-0.0895418503182,0.0421535580477,0.0335640599015,-0.134601062461,-0.990331261683,0.310893389498,0.0,0.0,0.0,1.0,-3.69591602382,0.0
-0.443283977606,-0.890096370189,0.105961157852,0.467816574311,-0.895752551762,0.435440716151,-0.0895474663525,0.0421538980477,0.0335660723005,-0.134609934603,-0.990329987578,0.310941248507,0.0,0.0,0.0,1.0,-3.69599517984,0.0
-0.443282629623,-0.890095336128,0.105975482435,0.467815894311,-0.895753068013,0.435437344162,-0.089558698377,0.0421545780477,0.0335700971174,-0.134627678847,-0.990327439117,0.311036159116,0.0,0.0,0.0,1.0,-3.86705417612,0.0
-0.443281955652,-0.890094819,0.105982644721,0.467815554311,-0.89575332612,0.435435658091,-0.0895643143673,0.0421549180477,0.0335721095353,-0.134636550949,-0.990326164761,0.311083419092,0.0,0.0,0.0,1.0,-3.73902712715,0.0
-0.443280695262,-0.890093724024,0.105997111569,0.467814904976,-0.895753796547,0.435432347752,-0.0895757026331,0.0421555673827,0.0335761995935,-0.134654494852,-0.990323586429,0.311177219171,0.0,0.0,0.0,1.0,-3.79868627299,0.0
-0.443279684374,-0.890092948014,0.106007854979,0.467814394976,-0.895754183648,0.435429818396,-0.0895841265415,0.0421560773832,0.0335792182465,-0.134667802935,-0.990321674485,0.311247087862,0.0,0.0,0.0,1.0,-3.81758440317,0.0
-0.443279010468,-0.890092430592,0.10601501725,0.467814054976,-0.895754441699,0.435428132096,-0.0895897424655,0.0421564173832,0.0335812306919,-0.134676674977,-0.990320399751,0.311293451638,0.0,0.0,0.0,1.0,-3.6974081501,0.0
-0.443277662697,-0.890091395552,0.106029341781,0.467813374976,-0.895754957765,0.435424759344,-0.0896009742694,0.0421570973832,0.0335852556017,-0.134694419019,-0.990317850032,0.3113855101,0.0,0.0,0.0,1.0,-3.71629402574,0.0
-0.443276988832,-0.890090877934,0.106036504042,0.467813034976,-0.895755215779,0.435423072892,-0.0896065901493,0.0421574373832,0.033587268066,-0.13470329102,-0.990316575047,0.311431372648,0.0,0.0,0.0,1.0,-3.80374633414,0.0
-0.443275978062,-0.890090101386,0.106047247427,0.467812524976,-0.895755602777,0.435420543118,-0.0896150139417,0.0421579473832,0.0335902867743,-0.134716598996,-0.990314662413,0.311499691809,0.0,0.0,0.0,1.0,-3.65468786706,0.0
-0.443274967324,-0.890089324692,0.106057990804,0.467812014976,-0.895755989748,0.43541801323,-0.0896234377011,0.0421584573832,0.0335933054968,-0.134729906942,-0.99031274959,0.311567539693,0.0,0.0,0.0,1.0,-3.77911033199,0.0
-0.443274293516,-0.890088806814,0.106065153051,0.467811674976,-0.895756247713,0.435416326575,-0.0896290535223,0.0421587973832,0.0335953179863,-0.134738778889,-0.990311474271,0.311612644444,0.0,0.0,0.0,1.0,-3.85812627697,0.0
-0.443272980488,-0.89008774967,0.106079511016,0.467811007367,-0.895756748378,0.435412991206,-0.0896402522517,0.0421594649926,0.0335992932096,-0.134756539644,-0.990308922771,0.311702113031,0.0,0.0,0.0,1.0,-3.85797031402,0.0
-0.443271969845,-0.890086972536,0.10609025437,0.467810497367,-0.895757135266,0.435410460976,-0.089648675912,0.0421599749926,0.0336023119741,-0.134769847499,-0.990307009384,0.311768865086,0.0,0.0,0.0,1.0,-3.80456633857,0.0
-0.443270959233,-0.890086195255,0.106100997717,0.467809987367,-0.895757522126,0.435407930631,-0.0896570995392,0.0421604849926,0.0336053307528,-0.134783155325,-0.990305095809,0.311835124644,0.0,0.0,0.0,1.0,-3.90558673337,0.0
-0.443269948653,-0.890085417829,0.106111741056,0.467809477367,-0.895757908959,0.435405400172,-0.0896655231333,0.0421609949927,0.0336083495456,-0.134796463119,-0.990303182046,0.311900932599,0.0,0.0,0.0,1.0,-3.88821681222,0.0
-0.443268896087,-0.890084672888,0.106122386198,0.467808933018,-0.895758373667,0.435403067232,-0.0896722089089,0.0421615393417,0.0336098462811,-0.134808917123,-0.990301435976,0.31196638928,0.0,0.0,0.0,1.0,-3.72569015133,0.0
-0.443267912992,-0.890083892044,0.106133041205,0.467808414311,-0.895758789985,0.435400745337,-0.0896793238438,0.0421620580491,0.0336117163573,-0.134821571286,-0.990299649823,0.312030761615,0.0,0.0,0.0,1.0,-3.82543531826,0.0
-0.443267234916,-0.890083383045,0.106140141686,0.467808053459,-0.895759111176,0.435399305399,-0.0896831065633,0.0421624189015,0.033612098927,-0.134829581641,-0.990298546258,0.312073940726,0.0,0.0,0.0,1.0,-3.71585905537,0.0
-0.44326588755,-0.890082345775,0.106154466103,0.467807373462,-0.895759764022,0.435396481051,-0.0896902973985,0.0421630988985,0.0336124693125,-0.134845548787,-0.990296359621,0.312159771975,0.0,0.0,0.0,1.0,-3.91114587302,0.0
-0.443265213869,-0.890081827053,0.106161628301,0.467807033462,-0.895760090442,0.43539506883,-0.0896938928236,0.0421634388985,0.0336126545386,-0.134853532354,-0.990295266204,0.31220233034,0.0,0.0,0.0,1.0,-3.83456905962,0.0
-0.443263825853,-0.890080835019,0.106175740271,0.467806300837,-0.895760701253,0.43539197638,-0.0897028037211,0.0421641715229,0.0336146810392,-0.134870063529,-0.990292946144,0.312286575504,0.0,0.0,0.0,1.0,-3.83717997411,0.0
-0.44326315469,-0.890080314507,0.106182905503,0.467805961945,-0.89576102713,0.435390569062,-0.0897063801863,0.0421645104152,0.0336148474379,-0.134878041574,-0.990291853916,0.312328697417,0.0,0.0,0.0,1.0,-3.79880710466,0.0
-0.443261807383,-0.890079276516,0.106197229869,0.467805281947,-0.895761555105,0.435387243474,-0.0897172481498,0.0421651904136,0.0336185441469,-0.134895625344,-0.990289333353,0.312412376841,0.0,0.0,0.0,1.0,-3.78541676142,0.0
-0.443260816797,-0.890078492728,0.106207933208,0.467804759221,-0.895761930064,0.435384727908,-0.0897257117727,0.0421657131391,0.0336216141922,-0.134908915526,-0.990287418667,0.312474744902,0.0,0.0,0.0,1.0,-3.80728631524,0.0
-0.443260100467,-0.890078006419,0.10621499811,0.467804385156,-0.895762203853,0.435382987408,-0.0897314238402,0.0421660872044,0.03362376366,-0.134917740736,-0.990286143371,0.312516077645,0.0,0.0,0.0,1.0,-3.82605689118,0.0
-0.443258803244,-0.890076923383,0.106229486523,0.467803681878,-0.895762662453,0.435379515227,-0.089743692123,0.0421667904824,0.0336286470327,-0.134936089248,-0.990283477554,0.312599510759,0.0,0.0,0.0,1.0,-3.75291720373,0.0
-0.443258129484,-0.890076404117,0.106236648486,0.467803341805,-0.895762851644,0.435377551754,-0.0897513289219,0.0421671305558,0.033632488187,-0.134945849373,-0.990282017142,0.312640340823,0.0,0.0,0.0,1.0,-3.7973043007,0.0
-0.443253380766,-0.890078157618,0.106241770367,0.467802856545,-0.895765087728,0.435371908287,-0.0897563874114,0.0421654195389,0.033635517637,-0.134952490919,-0.990281009183,0.312702542315,0.0,0.0,0.0,1.0,-3.87156502667,0.0
-0.443226637555,-0.890111838555,0.106071026328,0.467802333452,-0.895782363306,0.435379033426,-0.0895491755596,0.0421004774099,0.0335276803815,-0.134707134621,-0.990318071394,0.312770513499,0.0,0.0,0.0,1.0,-3.83578906044,0.0
-0.443208792895,-0.890135281553,0.105948791573,0.467801981093,-0.895799529806,0.435407335408,-0.0892393112512,0.0420454262515,0.0333041784177,-0.134460525093,-0.990359126222,0.312815725924,0.0,0.0,0.0,1.0,-3.72402389234,0.0
-0.443177982391,-0.890170172858,0.105784399971,0.467801313613,-0.895846179473,0.435521571656,-0.0882076150158,0.0419374822029,0.0324483997738,-0.133858223416,-0.99046911985,0.312905405296,0.0,0.0,0.0,1.0,-3.48648692763,0.0
-0.443164828449,-0.890181367519,0.105745296574,0.467800986087,-0.895875413345,0.435607040926,-0.0874857111746,0.0418846250482,0.0318147542794,-0.133505201462,-0.990537320141,0.31294995707,0.0,0.0,0.0,1.0,-3.31890203992,0.0
-0.443140838633,-0.89019155096,0.10576010465,0.467800202361,-0.895946192183,0.435835236275,-0.0856041326906,0.0417794654516,0.0301100954498,-0.132690050197,-0.990700122505,0.313039941868,0.0,0.0,0.0,1.0,-3.00030343173,0.0
-0.443125767469,-0.890187636532,0.105856156978,0.467799680228,-0.896006543033,0.436050181829,-0.0838600844793,0.041703670587,0.0284926139039,-0.132008373568,-0.990839018338,0.313105853591,0.0,0.0,0.0,1.0,-2.40179027078,0.0
-0.443113224775,-0.890173698649,0.106025733962,0.467799091568,-0.896071578404,0.436303304272,-0.0818239149546,0.0416278614571,0.0265781189476,-0.131263905602,-0.990991115338,0.313172846926,0.0,0.0,0.0,1.0,-1.94247610506,0.0
-0.443101630217,-0.890155672063,0.106225349106,0.467798568027,-0.896132108528,0.436553751109,-0.0798001657762,0.0415551941107,0.0246614955822,-0.13055152962,-0.991134758118,0.313237988974,0.0,0.0,0.0,1.0,-1.59144256716,0.0
-0.443093874822,-0.890141760984,0.106374167203,0.467798207489,-0.896170380202,0.436719726205,-0.0784508151178,0.0415075049678,0.0233766495435,-0.130090453519,-0.991226516069,0.313281166012,0.0,0.0,0.0,1.0,-1.45350406075,0.0
-0.443082551896,-0.890117831417,0.106621284925,0.467797684937,-0.896224435384,0.436967665158,-0.0764265727803,0.0414371559505,0.021438601296,-0.129419881782,-0.991358099061,0.313345745643,0.0,0.0,0.0,1.0,-1.45443750224,0.0
-0.443071115463,-0.890090457251,0.106896981027,0.467797251362,-0.896274632496,0.437214043515,-0.0744020382649,0.0413680445648,0.0194876829451,-0.128774446472,-0.991482411417,0.313409858847,0.0,0.0,0.0,1.0,-1.28774998606,0.0
-0.443063159745,-0.890070365819,0.1070970605,0.467796946765,-0.896306048773,0.437377237402,-0.0730521672174,0.041322878769,0.0181797527436,-0.128358467166,-0.991561193521,0.313452352665,0.0,0.0,0.0,1.0,-1.31309879735,0.0
-0.443046841923,-0.890025563176,0.107536006789,0.46779627845,-0.896363655949,0.437701704207,-0.0703520747933,0.0412343771066,0.0155464515533,-0.127560632752,-0.991708925449,0.313536960893,0.0,0.0,0.0,1.0,-1.16280891546,0.0
-0.443034319067,-0.889987822908,0.107899338292,0.46779576845,-0.896402154866,0.437943641637,-0.0683267407425,0.0411694903898,0.0135561380979,-0.126992290413,-0.991811065322,0.31359984008,0.0,0.0,0.0,1.0,-0.881231429941,0.0
-0.443021441346,-0.889946508268,0.108292266253,0.46779525845,-0.896436579733,0.43818444701,-0.0663011984461,0.0411060351104,0.0115525332475,-0.12645000127,-0.991905709306,0.313662494884,0.0,0.0,0.0,1.0,-0.927588325407,0.0
-0.443008085822,-0.889901618237,0.108714974843,0.467794748449,-0.8964669034,0.438424173614,-0.0642754626507,0.041043803365,0.0095355652209,-0.125933926525,-0.991992801963,0.31372469806,0.0,0.0,0.0,1.0,-0.639086038968,0.0
-0.442994156824,-0.889853157939,0.109167460017,0.467794229951,-0.89649308325,0.438662905844,-0.0622495519771,0.0409828170901,0.0075052451726,-0.125444060612,-0.992072305304,0.313786438892,0.0,0.0,0.0,1.0,-0.68969896385,0.0
-0.442979543704,-0.889801090015,0.109650098352,0.467793728558,-0.896515084541,0.438900712298,-0.0602234832522,0.0409230275115,0.00546141477196,-0.124980738325,-0.992144136704,0.313847931175,0.0,0.0,0.0,1.0,-0.824328412636,0.0
-0.442969281043,-0.889764393012,0.109988822068,0.467793388449,-0.896527455007,0.439058686109,-0.0588726810169,0.0408839210815,0.00409126758629,-0.124686787911,-0.992187717345,0.313888692855,0.0,0.0,0.0,1.0,-0.683453571356,0.0
-0.44294745225,-0.889686206217,0.110706860731,0.467792708449,-0.896546584486,0.439373476917,-0.0561708966374,0.0408071886739,0.00133281361122,-0.124134613423,-0.992264491634,0.313969651359,0.0,0.0,0.0,1.0,-0.878244610263,0.0
-0.442935806437,-0.889644696721,0.111086385177,0.467792368449,-0.896553327076,0.439530320564,-0.0548199691169,0.0407695223827,-5.55396877538e-05,-0.123876595453,-0.992297629753,0.314009935489,0.0,0.0,0.0,1.0,-0.7486272817,0.0
-0.4429114882,-0.889595239255,0.111578330853,0.467791688198,-0.896561974303,0.439807679538,-0.0524006798871,0.0406959375051,-0.00245761141773,-0.12324575171,-0.992373137903,0.314089873341,0.0,0.0,0.0,1.0,-0.926570668985,0.0
-0.442899495651,-0.889596275206,0.111617668366,0.467791348073,-0.896564896655,0.439920079263,-0.0513975675151,0.0406598146014,-0.00337976889868,-0.122836440034,-0.992421173778,0.31412965319,0.0,0.0,0.0,1.0,-0.925702195238,0.0
-0.442876422873,-0.889612960919,0.111576224299,0.467790705698,-0.896569779987,0.440094512108,-0.0497940762151,0.0405891557413,-0.00480662841787,-0.122088493226,-0.992507579893,0.314208711837,0.0,0.0,0.0,1.0,-0.817972144911,0.0
-0.442859743093,-0.889620374741,0.111583317715,0.467790126207,-0.896573575525,0.440181981832,-0.0489453423785,0.0405373554232,-0.00557419210245,-0.121718575884,-0.99254899963,0.314267427038,0.0,0.0,0.0,1.0,-0.986494489127,0.0
-0.442849385338,-0.889622425168,0.111608075621,0.467789786855,-0.896576322517,0.440220422519,-0.0485476827257,0.0405034337401,-0.00594304696367,-0.121564469458,-0.992565745912,0.314306527187,0.0,0.0,0.0,1.0,-1.02705338549,0.0
-0.442828629367,-0.889619822565,0.111711128863,0.4677891068,-0.896583902225,0.440247189615,-0.048163454067,0.0404368842755,-0.00633334706949,-0.121486556188,-0.992572871572,0.314384158377,0.0,0.0,0.0,1.0,-1.07184490859,0.0
-0.442818144762,-0.889616672907,0.111777752507,0.467788766798,-0.896588385513,0.440246444771,-0.0480867427701,0.0404043218985,-0.0064309900318,-0.121512316878,-0.992569090398,0.314422636741,0.0,0.0,0.0,1.0,-1.11170233898,0.0
-0.442802408302,-0.889611995945,0.111877271471,0.467788256798,-0.896595098312,0.44024529432,-0.0479719763313,0.0403562622506,-0.00657699669306,-0.121550719864,-0.992563431532,0.314480266722,0.0,0.0,0.0,1.0,-1.15948749563,0.0
-0.442786673279,-0.889607606134,0.111974412586,0.467787746798,-0.896601810184,0.440243860011,-0.0478595622388,0.0403091497987,-0.00671981702545,-0.121588037367,-0.992557904219,0.314537460346,0.0,0.0,0.0,1.0,-1.09233414155,0.0
-0.442776178527,-0.889604731627,0.112038730781,0.467787406798,-0.896606278914,0.440242850302,-0.0477850747655,0.0402782102111,-0.00681442157053,-0.121612722295,-0.992554235009,0.314575359233,0.0,0.0,0.0,1.0,-1.12094325051,0.0
-0.442754998785,-0.889599439205,0.112164383016,0.467786798508,-0.896615304572,0.440240398078,-0.0476380888249,0.0402177981327,-0.00700047552563,-0.1216603044,-0.992547109046,0.314650861532,0.0,0.0,0.0,1.0,-1.16122712476,0.0
-0.442739251819,-0.889595512805,0.112257643374,0.467786287876,-0.896621987954,0.440238632369,-0.0475284892113,0.0401734472346,-0.00713902065905,-0.121695399118,-0.992541819883,0.314707020444,0.0,0.0,0.0,1.0,-1.07540831266,0.0
-0.442723509303,-0.889591905285,0.11234828153,0.467785777876,-0.896628672783,0.440236602984,-0.047421055836,0.0401300909297,-0.00727443839988,-0.121729106812,-0.99253670315,0.314762739634,0.0,0.0,0.0,1.0,-1.13028787729,0.0
-0.442707791369,-0.889588337919,0.112438429818,0.467785255485,-0.896635329262,0.440234564809,-0.0473139965232,0.0400876063015,-0.00740930369118,-0.121762543443,-0.992531604148,0.314818303478,0.0,0.0,0.0,1.0,-1.15284869902,0.0
-0.442692046807,-0.889585090611,0.112526078121,0.467784745485,-0.896642002671,0.440232254761,-0.0472089071498,0.0400459667,-0.00754126914619,-0.121794615773,-0.992526675122,0.314873435644,0.0,0.0,0.0,1.0,-1.16846588329,0.0
-0.442676294104,-0.88958189668,0.112613266262,0.467784235485,-0.896648660886,0.440229967439,-0.0471036590962,0.0400051343953,-0.00767317214057,-0.121826207639,-0.992521786945,0.314928144262,0.0,0.0,0.0,1.0,-1.24746007503,0.0
-0.442665799487,-0.889579980135,0.11266964501,0.467783895485,-0.896653104124,0.440228252878,-0.0470350532216,0.0399782744718,-0.00775891926468,-0.121846396377,-0.992518642073,0.314964524257,0.0,0.0,0.0,1.0,-1.2274088513,0.0
-0.442645849515,-0.889575669328,0.112782004092,0.467783215486,-0.896661456885,0.440225824579,-0.0468983486981,0.0399258048774,-0.00792992081558,-0.1218866355,-0.992512349768,0.315036833446,0.0,0.0,0.0,1.0,-1.24984922114,0.0
-0.442636269137,-0.889573515116,0.112836582938,0.467782875486,-0.89666544461,0.44022481193,-0.0468315641834,0.0399002426218,-0.00801334433369,-0.121906013656,-0.992509299779,0.315072694156,0.0,0.0,0.0,1.0,-1.20571446399,0.0
-0.442617636444,-0.889569050644,0.112944818585,0.467782195486,-0.896673147717,0.440223196575,-0.0466990723654,0.0398498930325,-0.00817887960414,-0.121944419034,-0.992503231529,0.315144093851,0.0,0.0,0.0,1.0,-1.26303439095,0.0
-0.442608970627,-0.889566613963,0.112997957691,0.467781855486,-0.896676677768,0.440222926542,-0.046633791325,0.0398250730464,-0.00826042778264,-0.121963167671,-0.992500252425,0.315179557618,0.0,0.0,0.0,1.0,-1.4146470299,0.0
-0.44259163985,-0.889562005787,0.113102069808,0.467781175486,-0.896683739796,0.440222156646,-0.0465050920245,0.0397767508098,-0.00842087415161,-0.121999551875,-0.992494432337,0.315249996121,0.0,0.0,0.0,1.0,-1.42317682778,0.0
-0.44257855107,-0.88955877606,0.113178664363,0.467780631118,-0.896689072132,0.440221436226,-0.0464089970435,0.0397414368469,-0.00854014356794,-0.122025698201,-0.992490198907,0.315302511737,0.0,0.0,0.0,1.0,-1.46079508458,0.0
-0.442569857074,-0.889556729913,0.113228732556,0.46778027875,-0.896692614675,0.440220871406,-0.0463458646111,0.03971811985,-0.00861837554571,-0.122042650929,-0.992487438186,0.315337369376,0.0,0.0,0.0,1.0,-1.46967141901,0.0
-0.442552750365,-0.889552747532,0.113326839286,0.467779596361,-0.8966995696,0.440219730893,-0.046221968926,0.0396732727418,-0.00877183123876,-0.122075787487,-0.99248201852,0.315405530328,0.0,0.0,0.0,1.0,-1.47347301543,0.0
-0.442543887047,-0.889550847977,0.113376350707,0.467779263534,-0.896703176952,0.440219018036,-0.046158732698,0.0396505289527,-0.00884988596362,-0.122092198859,-0.992479306835,0.315440902854,0.0,0.0,0.0,1.0,-1.46539789874,0.0
-0.442530898921,-0.889548129286,0.1134483547,0.467778753533,-0.896708457599,0.440217915817,-0.0460665677557,0.0396175751368,-0.00896356908912,-0.122115978799,-0.992475360979,0.315492353139,0.0,0.0,0.0,1.0,-1.45699156304,0.0
-0.4425178495,-0.889545615181,0.113518947258,0.467778219013,-0.896713769216,0.440216629647,-0.0459753747191,0.0395854712419,-0.00907573537551,-0.122138927024,-0.992471517744,0.315543386162,0.0,0.0,0.0,1.0,-1.46721485791,0.0
-0.44250923317,-0.889544038085,0.113564883954,0.467777891443,-0.896717273006,0.440215761637,-0.0459153078915,0.0395643487192,-0.00914936349355,-0.122153540735,-0.992469043161,0.315577156825,0.0,0.0,0.0,1.0,-1.50761754554,0.0
-0.442491892856,-0.88954096894,0.113656453109,0.467777199014,-0.8967243205,0.440213878933,-0.0457955654807,0.0395228961095,-0.00929611639793,-0.122182672138,-0.992464093481,0.315644484328,0.0,0.0,0.0,1.0,-1.54946131603,0.0
-0.44248324929,-0.889539620328,0.113700650681,0.467776859014,-0.896727843846,0.440212766531,-0.0457372305122,0.0395028346217,-0.00936739932798,-0.122196497699,-0.992461721065,0.315677925028,0.0,0.0,0.0,1.0,-1.64107931088,0.0
-0.442465957372,-0.889536982346,0.113788547777,0.467776179014,-0.896734883027,0.440210478991,-0.0456210888519,0.0394631048192,-0.00950926541207,-0.122223938836,-0.992456992845,0.315744334053,0.0,0.0,0.0,1.0,-1.66806247263,0.0
-0.442452994305,-0.889535181926,0.113853010269,0.467775669014,-0.896740165276,0.440208590415,-0.0455354027724,0.0394340350339,-0.00961373037559,-0.122243842549,-0.992453535007,0.315793803922,0.0,0.0,0.0,1.0,-1.66752897068,0.0
-0.442440039892,-0.889533574793,0.113915891848,0.467775159014,-0.896745454338,0.440206504269,-0.0454513335814,0.0394056227833,-0.00971602929142,-0.122263048035,-0.992450172986,0.31584305787,0.0,0.0,0.0,1.0,-1.7201129156,0.0
-0.442427079571,-0.889531973676,0.113978713236,0.46777471026,-0.89675073528,0.440204412734,-0.0453673206729,0.0393775727973,-0.00981825022547,-0.122282226093,-0.992446804189,0.315891966585,0.0,0.0,0.0,1.0,-1.65786714357,0.0
-0.442418448302,-0.889531060855,0.114019333341,0.467774548829,-0.896754263455,0.440202866358,-0.0453125526331,0.0393594231631,-0.00988471434329,-0.122294432515,-0.99244464037,0.315924286165,0.0,0.0,0.0,1.0,-1.7307203991,0.0
-0.442401192218,-0.889529412571,0.114099120485,0.46777431079,-0.896761323846,0.440199591659,-0.0452045081483,0.0393234170451,-0.0100156466673,-0.122318206634,-0.992440397781,0.315988845901,0.0,0.0,0.0,1.0,-1.74478201629,0.0
-0.442392560208,-0.889528587541,0.114139014451,0.467774204635,-0.896764848667,0.440197955446,-0.0451504841236,0.039306060958,-0.0100811144286,-0.122330094287,-0.992438269699,0.316020846589,0.0,0.0,0.0,1.0,-1.80463201987,0.0
-0.442380274354,-0.889527277706,0.114196826052,0.467774034635,-0.89676983029,0.440195902352,-0.045071488034,0.0392800509662,-0.0101766568365,-0.12234700556,-0.992435209919,0.316068626323,0.0,0.0,0.0,1.0,-1.91271754759,0.0
-0.442368681475,-0.889525757665,0.114253560561,0.467773889791,-0.89677447619,0.440194399768,-0.0449936580873,0.0392548113674,-0.0102707597122,-0.122363462128,-0.992432211605,0.316116055753,0.0,0.0,0.0,1.0,-1.89314273131,0.0
-0.442353435699,-0.88952368818,0.114328675719,0.467773868092,-0.89678055758,0.440192562899,-0.0448903009046,0.039221584137,-0.0103956467535,-0.122385112394,-0.992428241634,0.316179052567,0.0,0.0,0.0,1.0,-1.96432550033,0.0
-0.44234617499,-0.88952266239,0.114364743546,0.467773868238,-0.896783436809,0.440191803483,-0.0448402008451,0.0392056079565,-0.0104560478785,-0.122395299096,-0.99242635083,0.316210318574,0.0,0.0,0.0,1.0,-1.97702266894,0.0
-0.442336011268,-0.889520820624,0.114418367461,0.46777387323,-0.896787396162,0.440191331532,-0.0447655864289,0.0391816379605,-0.0105460523486,-0.122410380772,-0.992423538344,0.31625686583,0.0,0.0,0.0,1.0,-2.04676014753,0.0
-0.442322432568,-0.889518435608,0.114489380993,0.467773872761,-0.896792681083,0.440190632288,-0.0446664796191,0.0391506959764,-0.0106654959349,-0.122430224856,-0.992419814009,0.316318733821,0.0,0.0,0.0,1.0,-2.00325560574,0.0
-0.442315644862,-0.889517420039,0.114523489982,0.467773858233,-0.896795338857,0.440190105092,-0.0446182875496,0.0391353835823,-0.0107233630628,-0.122439498635,-0.992418046318,0.316349393435,0.0,0.0,0.0,1.0,-1.99266545199,0.0
-0.44230559961,-0.889515964355,0.114573582087,0.467773861344,-0.896799272138,0.440189269886,-0.0445474148466,0.0391131475851,-0.0108084247705,-0.122453076057,-0.992415448347,0.316394761626,0.0,0.0,0.0,1.0,-2.06318382959,0.0
-0.442295479914,-0.88951447486,0.11462420103,0.467773865867,-0.896803223233,0.440188460224,-0.0444758168583,0.0390912300615,-0.0108943676792,-0.122466805706,-0.992412814434,0.316440162055,0.0,0.0,0.0,1.0,-2.11222401731,0.0
-0.442288781594,-0.889513573293,0.114657039048,0.467773863606,-0.896805837204,0.440187923555,-0.0444283953545,0.039076633412,-0.0109509832319,-0.122475282744,-0.992411145183,0.316470396614,0.0,0.0,0.0,1.0,-2.17586207115,0.0
-0.442275276386,-0.889512095746,0.11472057975,0.467773863704,-0.896811137192,0.440186530465,-0.0443351170805,0.0390486107611,-0.0110618310638,-0.122491019746,-0.992407973555,0.316530446464,0.0,0.0,0.0,1.0,-2.13552582053,0.0
-0.442268522494,-0.889511365387,0.114752276052,0.467773863704,-0.896813782232,0.440185843516,-0.0442884089524,0.0390346707611,-0.0111172843111,-0.122498791896,-0.992406394565,0.316560287924,0.0,0.0,0.0,1.0,-2.2351443159,0.0
-0.442255022044,-0.889510042057,0.114814548546,0.467773863704,-0.896819075398,0.440184351555,-0.0441959573861,0.0390076211643,-0.0112268196874,-0.122513761377,-0.992403313574,0.316619466868,0.0,0.0,0.0,1.0,-2.26980053962,0.0
-0.442245007846,-0.889509255626,0.11485920595,0.467773815341,-0.896823019364,0.440183039523,-0.0441289435002,0.0389877655163,-0.011305970708,-0.122524184847,-0.99240112815,0.316663707026,0.0,0.0,0.0,1.0,-2.24860326903,0.0
-0.442234932346,-0.889508512446,0.114903746233,0.467773819871,-0.896826986279,0.44018167864,-0.0440618482469,0.0389681849442,-0.0113851348091,-0.122534468925,-0.99239895336,0.316707581895,0.0,0.0,0.0,1.0,-2.19331822068,0.0
-0.442224869913,-0.889507801197,0.114947971011,0.467773786218,-0.896830944139,0.440180302309,-0.0439949894227,0.0389492984488,-0.0114639463245,-0.122544575843,-0.992396798093,0.31675111274,0.0,0.0,0.0,1.0,-2.32728107465,0.0
-0.442218143765,-0.889507502726,0.114976153697,0.467773786303,-0.896833606853,0.440179228733,-0.0439514301287,0.0389367184923,-0.0115149878021,-0.122550598469,-0.992395463447,0.316780012679,0.0,0.0,0.0,1.0,-2.30198293179,0.0
-0.442204699949,-0.889507038392,0.115031439159,0.467773786303,-0.896838934656,0.440176985338,-0.0438650984701,0.0389122088785,-0.0116158782792,-0.122562026055,-0.992392876406,0.316837634024,0.0,0.0,0.0,1.0,-2.37544707197,0.0
-0.442197975912,-0.889506805815,0.115059082684,0.467773786303,-0.896841594186,0.44017587526,-0.0438218413193,0.038900308898,-0.01166640633,-0.122567700672,-0.992391582852,0.316866193087,0.0,0.0,0.0,1.0,-2.34593188498,0.0
-0.442187927867,-0.889506516561,0.115099928079,0.467773790827,-0.896845564299,0.440174229061,-0.0437570779218,0.0388824712955,-0.0117418161501,-0.122575711565,-0.992389704042,0.316908778051,0.0,0.0,0.0,1.0,-2.41663328236,0.0
-0.442177870784,-0.889506528457,0.115138466296,0.467773792046,-0.896849571903,0.440172280958,-0.0436944899616,0.0388651389801,-0.0118142272569,-0.122582620743,-0.992387991224,0.316951107951,0.0,0.0,0.0,1.0,-2.35661759874,0.0
-0.442164458752,-0.889506562152,0.115189701387,0.467773792046,-0.896854910069,0.440169665279,-0.0436111918295,0.0388426990519,-0.0119105709875,-0.122591768309,-0.992385709612,0.317007326959,0.0,0.0,0.0,1.0,-2.40573977696,0.0
-0.442157800351,-0.889506609835,0.115214889006,0.467773790681,-0.896857562867,0.440168313342,-0.0435702634516,0.0388316625734,-0.0119579060331,-0.122596276408,-0.992384583463,0.317034779875,0.0,0.0,0.0,1.0,-2.44859086849,0.0
-0.442147749136,-0.889506765545,0.115252253701,0.467773785697,-0.896861570256,0.440166228906,-0.0435087890963,0.03881537025,-0.0120287876226,-0.122602630396,-0.992382941857,0.317076330367,0.0,0.0,0.0,1.0,-2.50762416187,0.0
-0.442137719293,-0.889507165816,0.115287636545,0.467773790688,-0.896865598185,0.440163892402,-0.0434493569174,0.0387995603081,-0.0120969405194,-0.122608114685,-0.992381435862,0.317117640298,0.0,0.0,0.0,1.0,-2.475171915,0.0
-0.44212768695,-0.889507565283,0.115323023445,0.467773785697,-0.896869621942,0.440161556905,-0.0433899188704,0.0387837503081,-0.0121651004544,-0.122613600906,-0.992379924829,0.317158875264,0.0,0.0,0.0,1.0,-2.56902130209,0.0
-0.442117780509,-0.889507919703,0.115358263436,0.467773760825,-0.896873580905,0.440159329991,-0.043330636918,0.038768289189,-0.0122330712389,-0.122619023838,-0.992378419234,0.317199709243,0.0,0.0,0.0,1.0,-2.51894979818,0.0
-0.4421087787,-0.889508013249,0.115392036822,0.467773763005,-0.896877113252,0.44015782702,-0.0432727516803,0.0387536936255,-0.012299248808,-0.122623740274,-0.992377018476,0.317239869162,0.0,0.0,0.0,1.0,-2.54101451538,0.0
-0.442102774029,-0.889508158697,0.115413919472,0.467773764421,-0.896879476569,0.440156759558,-0.0432346102725,0.038743677533,-0.0123426782273,-0.12262651682,-0.992376136184,0.317267132964,0.0,0.0,0.0,1.0,-2.49871730382,0.0
-0.442091257565,-0.889508278642,0.115457101174,0.467773726811,-0.896883969694,0.44015498699,-0.0431593829063,0.0387239500466,-0.012428390469,-0.122632009095,-0.992374387747,0.317320785908,0.0,0.0,0.0,1.0,-2.60004971026,0.0
-0.442085526333,-0.889508328678,0.115478658714,0.467773711739,-0.896886200385,0.440154124941,-0.0431218025621,0.0387147213923,-0.0124712054491,-0.122634740222,-0.992373513112,0.317347375939,0.0,0.0,0.0,1.0,-2.61742997242,0.0
-0.442074556676,-0.889508231842,0.115521391203,0.467773762568,-0.896890418784,0.440152849668,-0.0430470164129,0.0386963926319,-0.0125563940803,-0.122640019632,-0.992371786455,0.31740026414,0.0,0.0,0.0,1.0,-2.63949761265,0.0
-0.442069615465,-0.889508100625,0.115541308652,0.467773756124,-0.896892283853,0.440152559552,-0.0430111088648,0.0386871760731,-0.0125970729849,-0.122642012553,-0.992371024622,0.317426427997,0.0,0.0,0.0,1.0,-2.62567366217,0.0
-0.442059836983,-0.889507926187,0.115580057871,0.467773674775,-0.896895980076,0.440151915227,-0.0429405687558,0.0386691562752,-0.0126768075707,-0.122645590106,-0.992369567136,0.317478781118,0.0,0.0,0.0,1.0,-2.61362862551,0.0
-0.442052730103,-0.889507641347,0.115609427788,0.467773669298,-0.896898628726,0.440151710469,-0.0428873123495,0.0386564739335,-0.0127370953354,-0.122648390761,-0.992368449038,0.317517675906,0.0,0.0,0.0,1.0,-2.68465210937,0.0
-0.44204790844,-0.889507509355,0.115628878072,0.467773669314,-0.896900436561,0.440151468831,-0.0428519705871,0.0386479737802,-0.0127770708946,-0.122650215192,-0.992367709658,0.317543507388,0.0,0.0,0.0,1.0,-2.66102936824,0.0
-0.442038281613,-0.889507420266,0.115666360197,0.467773669314,-0.896904057524,0.440150892686,-0.0427820437215,0.0386309737801,-0.0128557063498,-0.12265292887,-0.992366358687,0.317594665065,0.0,0.0,0.0,1.0,-2.73899387347,0.0
-0.442033484196,-0.889507538673,0.115683782329,0.467773669314,-0.896905874425,0.440150523927,-0.0427477333832,0.0386225839737,-0.0128938462966,-0.122653393476,-0.992365806443,0.317620165065,0.0,0.0,0.0,1.0,-2.67089822722,0.0
-0.442026286742,-0.889507715599,0.115709920573,0.467773670534,-0.896908597101,0.440149972699,-0.0426962525195,0.0386108341854,-0.0129510723381,-0.122654088491,-0.99236497535,0.31765834003,0.0,0.0,0.0,1.0,-2.72761548769,0.0
-0.442019121624,-0.889507880693,0.115736019907,0.46777366039,-0.896911301323,0.440149445551,-0.0426448489363,0.0385990917873,-0.0130082157926,-0.122654782893,-0.992364142115,0.317696114163,0.0,0.0,0.0,1.0,-2.70949813121,0.0
-0.442014389253,-0.889507974969,0.115753367811,0.467773651577,-0.896913081916,0.440149125297,-0.0426106909995,0.0385912469605,-0.0130461941292,-0.122655248423,-0.992363586017,0.317721204148,0.0,0.0,0.0,1.0,-2.79993686218,0.0
-0.44200481076,-0.88950843487,0.1157864049,0.467773651615,-0.896916727495,0.440148142792,-0.0425440517189,0.0385756070139,-0.0131198782197,-0.1226554389,-0.992362591044,0.317770903733,0.0,0.0,0.0,1.0,-2.84079858274,0.0
-0.441997646885,-0.889508988161,0.115809499308,0.467773653897,-0.896919479667,0.440147210797,-0.0424956447388,0.038564716602,-0.0131729701513,-0.122654770837,-0.992361970275,0.317808133497,0.0,0.0,0.0,1.0,-2.76269621757,0.0
-0.441990483315,-0.889509539852,0.115832599779,0.467773655056,-0.896922227758,0.440146286687,-0.0424471868386,0.0385540069094,-0.0132261110371,-0.122654086067,-0.992361348077,0.31784505302,0.0,0.0,0.0,1.0,-2.86914534244,0.0
-0.441983317701,-0.889510092064,0.115855699,0.467773653837,-0.896924973575,0.440145362406,-0.0423987232116,0.0385432969095,-0.0132792564357,-0.122653398115,-0.992360723366,0.317881744982,0.0,0.0,0.0,1.0,-2.83373709848,0.0
-0.441976121093,-0.889510670103,0.115878713129,0.467773660031,-0.896927732986,0.440144398556,-0.0423503272656,0.038532575422,-0.0133322985104,-0.12265266484,-0.992360102797,0.317918078554,0.0,0.0,0.0,1.0,-2.85421084837,0.0
-0.441968969691,-0.889511398868,0.11590039307,0.467773659579,-0.896930494022,0.440143295689,-0.0423032877395,0.0385220352857,-0.0133835243238,-0.122651337311,-0.992359577337,0.317954290937,0.0,0.0,0.0,1.0,-2.90999146209,0.0
-0.441964215314,-0.889511995795,0.115913941002,0.467773659579,-0.896932343147,0.440142465265,-0.0422727108948,0.0385155749204,-0.0134165643155,-0.122649988206,-0.992359297933,0.317978430937,0.0,0.0,0.0,1.0,-2.92916969623,0.0
-0.441954743766,-0.8895132208,0.115940650698,0.467773650656,-0.896936025634,0.440140803381,-0.0422118362483,0.0385026425276,-0.0134822247257,-0.12264706772,-0.992358768992,0.318026204082,0.0,0.0,0.0,1.0,-2.87100391072,0.0
-0.441949990378,-0.889513839232,0.115954024596,0.46777365066,-0.896937872729,0.440139963585,-0.0421813337744,0.0384961825339,-0.0135151200135,-0.122645596211,-0.992358503395,0.31804996827,0.0,0.0,0.0,1.0,-2.91823401924,0.0
-0.441940482301,-0.889515076128,0.115980771875,0.46777365066,-0.896941567187,0.4401382538,-0.0421205720896,0.0384832625339,-0.0135806905186,-0.122642761233,-0.992357958583,0.318096987696,0.0,0.0,0.0,1.0,-2.91787355065,0.0
