16.5604951617,29.0,30.5256040071,38.0295937396
16.5604951617,29.0,30.5256040071,37.8723183869
13.8293166859,24.0416305603,9.91526600753,21.289668856
13.8293166859,24.0416305603,9.91526600753,21.289668856
13.8293166859,24.0416305603,9.91526600753,21.289668856
13.885694077,24.0416305603,9.91526600753,21.289668856
13.8293166859,24.0416305603,9.91526600753,21.289668856
13.8293166859,24.0416305603,9.91526600753,21.289668856
13.8293166859,24.0416305603,9.91526600753,21.289668856
13.8293166859,24.0416305603,9.91526600753,21.289668856
13.8293166859,24.0416305603,9.91526600753,21.289668856
13.8293166859,24.0416305603,9.91526600753,21.289668856
13.8293166859,24.0416305603,9.91526600753,21.289668856
14.7732867027,24.0831891576,15.3887133965,21.7313138121
14.7732867027,23.8969140267,15.3887133965,21.7313138121
14.7732867027,24.0831891576,15.3887133965,21.7313138121
14.7732867027,23.8969140267,15.3887133965,21.7313138121
14.7732867027,24.0831891576,15.3887133965,21.8303114957
14.7732867027,24.0831891576,15.3887133965,21.7313138121
14.7732867027,24.0831891576,15.3887133965,21.7313138121
14.7732867027,23.5438420824,15.3887133965,21.7313138121
14.7732867027,24.0831891576,15.3887133965,21.8303114957
14.7732867027,24.0831891576,15.3887133965,21.7313138121
14.7732867027,23.8969140267,15.3887133965,21.7313138121
16.9779268463,19.4164878389,9.370832407,15.0748134317
16.9779268463,19.4164878389,9.370832407,15.0748134317
16.9779268463,19.4164878389,9.370832407,15.0748134317
16.9779268463,19.4164878389,9.370832407,15.0748134317
16.9779268463,19.4164878389,9.370832407,15.0748134317
17.0385592114,19.4164878389,9.370832407,15.0748134317
16.9779268463,19.4164878389,9.370832407,15.0748134317
16.9779268463,19.4164878389,9.370832407,15.0519932235
16.9779268463,19.4164878389,9.370832407,14.8260750032
16.9779268463,19.4164878389,9.370832407,15.0748134317
13.4629120178,22.0977940075,21.3614723275,25.4570717091
13.4629120178,22.4513362631,21.3614723275,25.3031618578
13.4629120178,22.627416998,21.3614723275,25.3031618578
13.5945761243,22.627416998,21.3614723275,25.4570717091
13.4629120178,22.627416998,21.3614723275,25.4570717091
13.4629120178,22.627416998,21.3614723275,25.4570717091
13.4629120178,22.627416998,21.3614723275,25.3031618578
13.25,22.627416998,21.3614723275,25.3031618578
13.4629120178,22.627416998,21.3614723275,25.3031618578
13.4629120178,22.627416998,21.3614723275,25.4570717091
13.4629120178,22.627416998,21.3614723275,25.3031618578
12.6589889012,19.7989898732,8.53302408294,18.0623918682
12.6589889012,19.7989898732,8.53302408294,17.8132675273
12.6589889012,19.7989898732,8.53302408294,18.0623918682
12.6589889012,19.7989898732,8.53302408294,18.0623918682
12.6589889012,19.7989898732,8.53302408294,18.0623918682
12.6589889012,19.7989898732,8.53302408294,18.0623918682
12.6589889012,19.6230094532,8.53302408294,18.0623918682
12.6589889012,19.6230094532,8.53302408294,18.0623918682
12.6589889012,19.7989898732,8.53302408294,18.0848693664
12.4121915873,19.7989898732,8.53302408294,18.0623918682
16.6207701386,27.7848879789,15.3235929207,19.9060292374
16.6207701386,27.7848879789,15.3235929207,19.9060292374
16.6207701386,27.5692310375,15.3235929207,19.9060292374
16.6207701386,27.6970215005,15.3235929207,19.9060292374
16.6207701386,27.7848879789,15.3235929207,19.9060292374
16.6207701386,27.7848879789,15.3235929207,19.9060292374
16.6207701386,27.7848879789,15.3235929207,19.9060292374
16.6207701386,27.7848879789,15.3235929207,20.0140575596
16.6207701386,27.7848879789,15.3235929207,20.0140575596
16.6527024834,27.7848879789,15.3235929207,20.0140575596
16.6207701386,27.7848879789,15.3235929207,20.0140575596
14.807092895,21.2602916255,14.1531798547,20.353132437
14.807092895,21.0727905129,14.1531798547,20.353132437
14.5623658792,21.2602916255,14.1531798547,20.4710160959
14.807092895,21.2602916255,14.1531798547,20.4710160959
14.807092895,21.2602916255,14.1531798547,20.353132437
14.807092895,21.2602916255,14.1531798547,20.353132437
14.807092895,21.2602916255,14.1531798547,20.4710160959
14.807092895,21.2602916255,14.1531798547,20.353132437
14.807092895,21.2602916255,14.1531798547,20.353132437
14.807092895,21.2602916255,14.1531798547,20.4710160959
14.5623658792,21.2602916255,14.1531798547,20.353132437
13.5369863707,16.6433169771,11.3715654155,16.25
13.5369863707,16.6433169771,11.3715654155,16.1012421881
13.5369863707,16.6433169771,11.3715654155,16.1012421881
13.5369863707,16.6433169771,11.3715654155,16.25
13.5369863707,16.6433169771,11.3715654155,16.25
13.2876822659,16.6433169771,11.3715654155,16.1012421881
13.5369863707,16.6433169771,11.3715654155,16.1012421881
13.5369863707,16.6433169771,11.3715654155,16.1012421881
13.5369863707,16.6433169771,11.3715654155,16.1012421881
13.5369863707,16.6433169771,11.3715654155,16.25
10.307764064,20.6155281281,11.9085053638,20.8101537717
10.307764064,20.6155281281,11.9085053638,20.7424685127
10.307764064,20.6155281281,11.9085053638,20.8101537717
10.307764064,20.6155281281,11.9085053638,20.7424685127
10.307764064,20.6155281281,11.9085053638,20.7424685127
10.307764064,20.6155281281,11.9085053638,20.8101537717
10.307764064,20.6155281281,11.9085053638,20.8101537717
10.307764064,20.6155281281,11.9085053638,20.8101537717
10.307764064,20.6155281281,11.9085053638,20.7424685127
10.307764064,20.6155281281,11.9085053638,20.7424685127
10.307764064,20.6155281281,11.9085053638,20.7424685127
15.7876534038,20.3730827319,8.62046982478,14.1089510595
15.7876534038,20.3730827319,8.62046982478,14.1089510595
